[[1605270983,"st"]
,[1605286615,96,92,80,78],[1605286961,95,93,79,78],[1605286961,"on"]
,[1605287938,126,211,191,83],[1605287938,"off"]
,[1605296987,103,105,81,81]
,[1605305988,96,97,79,79],[1605314988,94,93,80,78]
,[1605323988,86,85,80,78],[1605332988,83,82,78,78],[1605341988,79,81,79,77]
,[1605350988,88,91,76,76],[1605359989,94,93,74,76],[1605368989,91,93,79,76]
,[1605377989,93,89,78,77],[1605386990,91,92,79,77],[1605395990,96,100,75,76]
,[1605404990,88,83,78,76],[1605413989,82,79,78,76],[1605422990,78,79,78,75]
,[1605431991,75,78,76,74],[1605440990,92,88,75,74]
,[1605449990,91,86,76,74],[1605458990,96,96,73,75],[1605467991,86,81,76,74]
]
