[[1606763416,82,74,69,64],[1606772417,83,76,68,64]
,[1606781417,86,79,66,64],[1606790417,74,68,65,63],[1606799417,68,64,63,62]
,[1606808417,64,62,61,61],[1606817418,61,61,61,60],[1606826418,87,94,64,61]
,[1606835418,75,74,61,59],[1606844418,83,74,63,59],[1606853419,79,84,60,58]
,[1606862418,81,76,59,58],[1606871418,74,63,58,58],[1606880419,64,56,56,56]
,[1606889419,56,53,54,54],[1606898419,53,51,54,53]
,[1606907420,81,86,57,53],[1606916419,84,76,54,53],[1606925420,86,88,56,54]
,[1606934420,69,54,51,52],[1606943420,55,44,48,49],[1606952420,46,39,45,46]
,[1606961420,40,35,42,43],[1606970420,35,31,36,39],[1606979420,31,27,33,36]
,[1606988420,28,24,33,34],[1606993220,25,24,29,33],[1606993220,"on"]
,[1606994420,63,178,149,39],[1606994420,"off"]
,[1606997420,47,93,54,39]
,[1607006420,36,33,37,37],[1607015420,30,25,32,34],[1607024420,52,39,37,37]
,[1607033420,39,28,36,36],[1607042420,33,26,33,34],[1607051420,28,25,31,33]
,[1607060420,25,24,30,32],[1607060420,"on"]
,[1607060420,"on"],[1607061020,48,138,124,35],[1607061020,"off"]
,[1607069420,32,39,36,34],[1607078420,28,26,33,33]
,[1607084420,26,23,30,32],[1607084420,"on"]
,[1607085020,49,138,124,35],[1607085020,"off"]
,[1607087420,39,79,51,36],[1607096420,78,85,44,38],[1607105423,66,51,39,39]
,[1607114423,68,79,44,41],[1607123424,68,63,42,40]
,[1607132424,55,39,38,39],[1607141424,41,29,37,38],[1607150425,33,25,34,34]
,[1607158225,27,21,31,31],[1607158225,"on"]
,[1607158825,50,137,129,34],[1607158825,"off"]
,[1607159425,47,104,78,35],[1607168425,29,29,32,31],[1607171425,28,24,31,31],[1607171425,"on"]
,[1607172025,81,156,127,34],[1607172025,"off"]
,[1607177425,63,59,41,35]
,[1607186425,62,73,38,35],[1607195425,64,43,34,36],[1607204425,63,48,34,34]
,[1607213425,64,53,34,34],[1607221825,43,24,28,30],[1607221825,"on"]
,[1607222425,64,141,128,33],[1607222425,"off"]
,[1607222425,"off"],[1607230826,37,29,28,30],[1607230826,"on"]
,[1607230836,"st"]
,[1607232081,36,29,29,29],[1607232081,"on"]
,[1607232681,58,143,128,32],[1607232681,"off"]
,[1607239799,33,32,28,29],[1607239799,"on"]
,[1607240399,56,140,121,31],[1607240999,68,176,139,33],[1607240999,"off"]
,[1607249399,49,41,26,29],[1607249999,47,38,26,29],[1607249999,"on"]
,[1607251199,82,139,129,34],[1607251199,"off"]
,[1607258400,56,33,26,28],[1607258400,"on"]
,[1607258400,"on"],[1607259000,76,144,124,31],[1607259000,"off"]
,[1607267400,54,32,26,29],[1607267400,"on"]
,[1607267400,"on"],[1607268000,73,141,121,31],[1607268000,"off"]
,[1607276400,71,69,32,31],[1607281800,54,33,26,29],[1607281800,"on"]
,[1607282400,73,143,124,31],[1607282400,"off"]
,[1607285400,63,56,33,30],[1607294400,58,39,25,28],[1607299200,54,40,25,27],[1607299200,"on"]
,[1607299800,73,145,123,29],[1607299800,"off"]
,[1607303400,53,61,36,28],[1607305801,45,39,27,26],[1607305801,"on"]
,[1607307001,78,180,139,31],[1607307001,"off"]
,[1607312401,48,53,31,28],[1607314201,44,37,26,27],[1607314201,"on"]
,[1607315401,74,177,135,31],[1607315401,"off"]
,[1607321401,44,43,27,27],[1607321401,"on"]
,[1607321401,"on"],[1607322601,75,179,137,32],[1607322601,"off"]
,[1607328600,44,43,27,28],[1607328600,"on"]
,[1607329801,74,176,132,31],[1607329801,"off"]
,[1607330401,69,136,77,31]
,[1607335801,58,47,24,27],[1607335801,"on"]
,[1607337001,85,179,132,31],[1607337001,"off"]
,[1607339401,64,93,44,29],[1607347201,59,47,24,26],[1607347201,"on"]
,[1607347801,79,149,123,28],[1607347801,"off"]
,[1607348401,74,113,68,29],[1607353801,49,39,25,26],[1607353801,"on"]
,[1607355001,86,169,130,30],[1607355001,"off"]
,[1607355903,"st"],[1607361949,61,42,23,28],[1607361949,"on"]
,[1607362548,79,146,121,30],[1607362548,"off"]
,[1607366999,61,68,31,28],[1607368799,56,48,25,26],[1607368799,"on"]
,[1607369399,76,149,121,28],[1607369399,"off"]
,[1607374800,57,44,25,26],[1607374800,"on"]
,[1607376000,84,179,136,31],[1607376000,"off"]
,[1607376000,"off"]
,[1607382000,58,43,23,27],[1607382000,"on"]
,[1607383200,81,138,133,31],[1607383200,"off"]
]
