[[1607384999,73,84,35,29],[1607388599,58,41,24,26],[1607388599,"on"]
,[1607389799,88,179,135,30],[1607389799,"off"]
,[1607394000,57,63,33,27],[1607395800,51,43,26,25],[1607395800,"on"]
,[1607397000,80,176,133,29],[1607397000,"off"]
,[1607402400,48,46,26,24],[1607402400,"on"]
,[1607403000,66,144,116,27],[1607403600,77,176,132,27],[1607403600,"off"]
,[1607408400,47,51,28,24],[1607408400,"on"]
,[1607409600,77,179,132,28],[1607409600,"off"]
,[1607412000,58,89,41,26],[1607414400,47,51,27,24],[1607414400,"on"]
,[1607415600,76,178,130,28],[1607415600,"off"]
,[1607420401,57,61,23,24],[1607420401,"on"]
,[1607421001,74,152,111,26],[1607421601,88,168,124,28],[1607421601,"off"]
,[1607425801,67,58,21,25],[1607425801,"on"]
,[1607427000,94,163,128,29],[1607427000,"off"]
,[1607430000,73,84,30,28]
,[1607432401,65,51,21,25],[1607432401,"on"]
,[1607433601,93,182,132,28],[1607433601,"off"]
,[1607439001,58,48,28,24],[1607446201,66,59,22,24],[1607446201,"on"]
,[1607447401,93,183,131,28],[1607447401,"off"]
,[1607448001,86,143,76,28],[1607453402,57,44,24,25],[1607453402,"on"]
,[1607454601,83,174,130,28],[1607454601,"off"]
,[1607457001,64,89,43,26],[1607459401,63,54,23,26],[1607459401,"on"]
,[1607460601,90,187,137,29],[1607460601,"off"]
,[1607465401,63,55,23,26],[1607465401,"on"]
,[1607466001,82,150,117,28],[1607466601,89,160,134,29],[1607466601,"off"]
,[1607471401,60,46,24,24],[1607471401,"on"]
,[1607472601,88,179,133,28],[1607472601,"off"]
,[1607475001,66,90,41,26],[1607478001,52,45,24,24],[1607478001,"on"]
,[1607479202,81,177,132,28],[1607479202,"off"]
,[1607484002,49,49,26,23],[1607484002,"on"]
,[1607484012,"st"],[1607484058,49,52,26,24],[1607484058,"on"]
,[1607485257,79,179,131,27],[1607485257,"off"]
,[1607489999,48,49,24,23],[1607489999,"on"]
,[1607491199,77,177,129,26],[1607491199,"off"]
,[1607495400,48,54,26,23],[1607495400,"on"]
,[1607495400,"on"],[1607496600,76,178,129,26],[1607496600,"off"]
,[1607500800,48,54,23,22],[1607500800,"on"]
,[1607502000,76,177,126,25],[1607502000,"off"]
,[1607504400,54,86,37,23],[1607506200,47,66,24,21],[1607506200,"on"]
,[1607507400,87,189,127,25],[1607507400,"off"]
,[1607511000,66,65,19,23],[1607511000,"on"]
,[1607512200,91,184,125,26],[1607512200,"off"]
,[1607513400,76,123,51,25],[1607516400,64,69,22,23],[1607516400,"on"]
,[1607517600,92,190,131,27],[1607517600,"off"]
,[1607522401,58,54,25,23],[1607522401,"on"]
,[1607522401,"on"],[1607523601,86,178,130,27],[1607523601,"off"]
,[1607531401,68,64,23,24],[1607532001,65,57,21,24],[1607532001,"on"]
,[1607533201,94,182,129,28],[1607533201,"off"]
,[1607539201,56,43,24,24],[1607539201,"on"]
,[1607540401,84,177,133,28],[1607540401,"off"]
,[1607540401,"off"],[1607544001,63,54,21,26],[1607544001,"on"]
,[1607545201,92,183,133,28],[1607545201,"off"]
,[1607549401,60,63,31,25],[1607551801,64,58,22,24],[1607551801,"on"]
,[1607553001,92,185,133,28],[1607553001,"off"]
,[1607558401,55,47,25,24],[1607558401,"on"]
,[1607558401,"on"],[1607559601,83,178,133,28],[1607559601,"off"]
,[1607564401,52,50,26,23],[1607564401,"on"]
,[1607565601,81,179,131,28],[1607565601,"off"]
,[1607567401,63,101,46,26],[1607570401,49,49,24,23],[1607570401,"on"]
,[1607571601,79,178,131,27],[1607571601,"off"]
,[1607575802,49,56,27,23],[1607575802,"on"]
,[1607576402,67,145,114,24],[1607577002,78,176,128,26],[1607577002,"off"]
,[1607581202,48,54,24,22],[1607581202,"on"]
,[1607582402,78,177,128,25],[1607582402,"off"]
,[1607585402,53,74,31,23]
,[1607586602,48,54,24,21],[1607586602,"on"]
,[1607587802,77,179,129,26],[1607587802,"off"]
,[1607591402,48,63,27,22],[1607591402,"on"]
,[1607592602,79,183,132,24],[1607592602,"off"]
,[1607594402,66,69,23,23],[1607595002,63,59,21,23],[1607595002,"on"]
,[1607596202,93,179,119,25],[1607596202,"off"]
,[1607600403,61,58,24,22],[1607600403,"on"]
,[1607601603,88,181,131,24],[1607601603,"off"]
,[1607603403,69,85,34,24],[1607604603,66,64,20,23],[1607604603,"on"]
,[1607605803,100,196,129,27],[1607605803,"off"]
,[1607610602,63,56,25,23],[1607610602,"on"]
,[1607611802,92,184,133,26],[1607611802,"off"]
,[1607612402,84,141,76,27],[1607616602,63,68,23,23],[1607616602,"on"]
,[1607617802,82,136,125,28],[1607617802,"off"]
,[1607621402,71,71,23,26],[1607622002,68,63,21,24],[1607622002,"on"]
,[1607623202,96,187,133,27],[1607623202,"off"]
,[1607628602,59,47,24,23],[1607628602,"on"]
,[1607629802,88,178,131,26],[1607629802,"off"]
,[1607630402,79,136,74,26],[1607633403,63,54,20,25],[1607633403,"on"]
,[1607634603,91,183,129,28],[1607634603,"off"]
,[1607638803,63,56,21,24],[1607638803,"on"]
,[1607639403,82,149,113,26],[1607640003,92,186,134,27],[1607640003,"off"]
,[1607644203,63,55,20,24],[1607644203,"on"]
,[1607645403,92,184,131,28],[1607645403,"off"]
,[1607648403,65,81,36,24],[1607650803,54,46,24,23],[1607650803,"on"]
,[1607652003,83,178,131,26],[1607652003,"off"]
,[1607656803,50,51,27,23],[1607656803,"on"]
,[1607657403,69,147,119,26],[1607658003,81,179,131,27],[1607658003,"off"]
,[1607662804,49,51,25,24],[1607662804,"on"]
,[1607664004,79,179,133,27],[1607664004,"off"]
,[1607666404,58,89,41,25],[1607668804,48,51,25,23],[1607668804,"on"]
,[1607670004,79,179,131,27],[1607670004,"off"]
,[1607674804,48,50,25,23],[1607674804,"on"]
,[1607675404,63,141,108,24],[1607676003,76,177,129,27],[1607676003,"off"]
,[1607679003,59,51,23,24],[1607679003,"on"]
,[1607680203,89,174,121,28],[1607680203,"off"]
,[1607684403,59,59,26,23],[1607685603,60,59,21,23],[1607685603,"on"]
,[1607686804,89,186,130,26],[1607686804,"off"]
,[1607690404,64,59,21,24],[1607690404,"on"]
,[1607691604,94,159,126,29],[1607691604,"off"]
,[1607693404,78,98,39,26],[1607697004,63,46,23,24],[1607697004,"on"]
,[1607698204,91,181,136,28],[1607698204,"off"]
,[1607702404,69,74,26,25],[1607703604,66,59,22,24],[1607703604,"on"]
,[1607704804,94,188,134,28],[1607704804,"off"]
,[1607711404,66,58,22,24],[1607711404,"on"]
,[1607711404,"on"],[1607712605,95,188,136,29],[1607712605,"off"]
,[1607719205,63,56,22,25],[1607719205,"on"]
,[1607720405,91,186,133,28],[1607720405,"off"]
,[1607720405,"off"],[1607726405,63,52,21,24],[1607726405,"on"]
,[1607727005,82,151,120,26],[1607727005,"off"]
,[1607729405,66,66,25,24],[1607730005,63,58,24,24],[1607730005,"on"]
,[1607731205,90,186,133,26],[1607731205,"off"]
,[1607736004,56,53,26,23],[1607736004,"on"]
,[1607737204,85,179,130,27],[1607737204,"off"]
,[1607738404,70,118,54,25],[1607741405,54,58,27,23],[1607741405,"on"]
,[1607742605,82,180,130,26],[1607742605,"off"]
,[1607746805,51,57,26,23],[1607746805,"on"]
,[1607747405,69,146,113,24],[1607748005,79,181,131,26],[1607748005,"off"]
,[1607751605,53,63,27,21],[1607751605,"on"]
,[1607752805,81,183,131,26],[1607752805,"off"]
,[1607756405,53,64,29,21],[1607757005,50,56,24,21],[1607757005,"on"]
,[1607758205,78,179,127,25],[1607758205,"off"]
,[1607761805,51,63,26,21],[1607761805,"on"]
,[1607763005,80,183,129,25],[1607763005,"off"]
,[1607765405,58,87,35,21],[1607766605,52,64,27,21],[1607766605,"on"]
,[1607768405,96,191,124,25],[1607768405,"off"]
,[1607772605,61,59,24,21],[1607772605,"on"]
,[1607773806,88,180,128,24],[1607773806,"off"]
,[1607774406,80,138,71,24],[1607776806,65,69,19,23],[1607776806,"on"]
,[1607778006,94,191,129,26],[1607778006,"off"]
,[1607782206,60,61,26,22],[1607782206,"on"]
,[1607783406,88,183,130,26],[1607783406,"off"]
,[1607783406,"off"]
,[1607788206,62,75,22,23],[1607788206,"on"]
,[1607789406,93,194,131,25],[1607789406,"off"]
,[1607791806,68,66,21,23],[1607791806,"on"]
,[1607792406,81,139,108,26],[1607793006,89,157,121,28],[1607793006,"off"]
,[1607795406,70,61,20,24],[1607795406,"on"]
,[1607796606,96,183,129,25],[1607796606,"off"]
,[1607800806,67,65,19,24],[1607800806,"on"]
,[1607801406,86,154,114,24],[1607802006,95,185,128,26],[1607802006,"off"]
,[1607804406,69,62,21,23],[1607804406,"on"]
,[1607805606,94,183,128,26],[1607805606,"off"]
,[1607808006,68,61,19,23],[1607808006,"on"]
,[1607809206,95,186,129,26],[1607809206,"off"]
,[1607810406,81,123,53,24]
,[1607814006,63,66,21,21],[1607814006,"on"]
,[1607815206,89,188,129,24],[1607815206,"off"]
,[1607819406,58,59,25,21],[1607819406,"on"]
,[1607819406,"on"],[1607820606,86,181,130,25],[1607820606,"off"]
,[1607824806,54,58,27,21],[1607824806,"on"]
,[1607826006,84,181,130,25],[1607826006,"off"]
,[1607828406,62,89,38,23],[1607830206,53,58,27,21],[1607830206,"on"]
,[1607831407,83,180,132,25],[1607831407,"off"]
,[1607836207,49,51,26,23],[1607836207,"on"]
,[1607837407,82,183,134,26],[1607837407,"off"]
,[1607837407,"off"],[1607842207,49,51,26,23],[1607842207,"on"]
,[1607843407,78,179,131,26],[1607843407,"off"]
,[1607846407,55,78,35,24],[1607848207,48,51,26,23],[1607848207,"on"]
,[1607849407,78,179,133,27],[1607849407,"off"]
,[1607854207,61,56,22,24],[1607854207,"on"]
,[1607855407,88,168,121,28],[1607855407,"off"]
,[1607855407,"off"],[1607860208,58,52,26,24],[1607860208,"on"]
,[1607861408,88,181,133,27],[1607861408,"off"]
,[1607864407,68,82,30,27],[1607866807,64,55,23,25],[1607866807,"on"]
,[1607868007,93,183,134,28],[1607868007,"off"]
,[1607873407,55,69,29,25],[1607875207,62,56,23,24],[1607875207,"on"]
,[1607876407,96,185,129,29],[1607876407,"off"]
,[1607882407,60,48,28,25],[1607883007,58,41,25,24],[1607883007,"on"]
,[1607884207,86,176,133,29],[1607884207,"off"]
,[1607890207,52,44,28,25],[1607890207,"on"]
,[1607891407,82,180,136,29],[1607891407,"off"]
,[1607891407,"off"],[1607898007,47,39,26,25],[1607898007,"on"]
,[1607899207,77,178,137,29],[1607899207,"off"]
,[1607900407,65,121,59,28],[1607905207,46,44,28,26],[1607905207,"on"]
,[1607906407,78,181,137,29],[1607906407,"off"]
,[1607909407,55,83,42,28]
,[1607913007,44,41,26,27],[1607913007,"on"]
,[1607913607,63,144,124,29],[1607913607,"off"]
,[1607918407,42,46,29,26],[1607919007,40,41,26,26],[1607919007,"on"]
,[1607920207,72,178,138,30],[1607920207,"off"]
,[1607926207,43,45,27,27],[1607926207,"on"]
,[1607926807,63,146,123,29],[1607926807,"off"]
,[1607927407,59,111,69,29],[1607931607,41,48,28,27],[1607931607,"on"]
,[1607932807,72,181,139,31],[1607932807,"off"]
,[1607936407,50,74,38,29],[1607939407,42,41,26,26],[1607939407,"on"]
,[1607940607,75,181,139,31],[1607940607,"off"]
,[1607945407,48,59,32,28],[1607947207,42,40,26,27],[1607947207,"on"]
,[1607947807,63,144,123,29],[1607947807,"off"]
,[1607952607,40,46,28,26],[1607952607,"on"]
,[1607953807,73,181,138,29],[1607953807,"off"]
,[1607954407,66,141,79,31],[1607960407,42,41,26,26],[1607960407,"on"]
,[1607961607,73,179,138,30],[1607961607,"off"]
,[1607963407,58,108,52,29],[1607968207,43,41,26,27],[1607968207,"on"]
,[1607969407,74,182,139,31],[1607969407,"off"]
,[1607972407,54,84,42,29],[1607976007,43,42,26,27],[1607976007,"on"]
,[1607976607,63,146,123,29],[1607976607,"off"]
,[1607981407,43,46,28,26],[1607982007,40,42,26,26],[1607982007,"on"]
,[1607983207,73,179,141,31],[1607983207,"off"]
,[1607989807,41,42,27,27],[1607989807,"on"]
,[1607990407,61,144,121,29],[1607991007,73,181,139,31],[1607991007,"off"]
,[1607998207,43,39,28,28],[1607998207,"on"]
,[1607998807,61,143,123,29],[1607998807,"off"]
,[1607999407,58,108,71,29],[1608004207,41,43,28,28],[1608004207,"on"]
,[1608004807,59,145,123,29],[1608004807,"off"]
,[1608008407,43,61,34,28],[1608010807,38,39,27,27],[1608010807,"on"]
,[1608012007,70,180,141,31],[1608012007,"off"]
,[1608017407,44,55,33,29],[1608019207,40,40,27,27],[1608019207,"on"]
,[1608019807,61,144,125,30],[1608019807,"off"]
,[1608025807,38,40,28,27],[1608025807,"on"]
,[1608026407,58,143,121,29],[1608027007,70,181,143,31],[1608027007,"off"]
,[1608034807,39,37,26,28],[1608034807,"on"]
,[1608035407,59,141,123,30],[1608035407,"off"]
,[1608035407,"off"]
,[1608044407,64,76,33,29],[1608053407,76,85,40,33]
]
