[[1610062214,59,111,74,30],[1610070614,38,34,29,28],[1610070614,"on"]
,[1610071214,61,144,125,31],[1610071214,"off"]
,[1610071214,"off"]
,[1610079614,37,35,29,28],[1610079614,"on"]
,[1610080214,61,147,128,30],[1610080214,"off"]
,[1610080214,"off"],[1610088014,38,37,29,28],[1610088014,"on"]
,[1610088614,59,147,126,30],[1610088614,"off"]
,[1610089214,54,113,74,31],[1610095814,38,39,29,28],[1610095814,"on"]
,[1610096414,59,148,127,31],[1610096414,"off"]
,[1610098214,48,91,50,30]
,[1610104814,36,35,29,28],[1610104814,"on"]
,[1610105414,58,144,123,30],[1610105414,"off"]
,[1610107214,47,89,49,29],[1610114414,34,34,29,28],[1610114414,"on"]
,[1610115014,57,144,123,31],[1610115014,"off"]
,[1610116214,48,99,56,30],[1610124014,34,34,29,28],[1610124014,"on"]
,[1610125214,70,183,144,33],[1610125214,"off"]
,[1610125214,"off"]
,[1610134214,41,40,32,29],[1610137214,37,31,28,29],[1610137214,"on"]
,[1610137814,60,148,131,31],[1610137814,"off"]
,[1610143214,41,53,33,29],[1610147414,37,34,29,28],[1610147414,"on"]
,[1610148014,59,146,127,31],[1610148014,"off"]
,[1610152214,60,58,33,29],[1610157614,48,34,27,28],[1610157614,"on"]
,[1610158214,69,144,124,31],[1610158214,"off"]
,[1610161214,53,74,43,30],[1610167814,41,33,28,28],[1610167814,"on"]
,[1610168414,62,144,124,29],[1610168414,"off"]
,[1610170214,51,88,48,29]
,[1610176214,39,37,29,28],[1610176214,"on"]
,[1610176814,61,148,128,29],[1610176814,"off"]
,[1610179214,47,82,46,29],[1610184014,38,39,28,28],[1610184014,"on"]
,[1610184614,61,145,122,29],[1610184614,"off"]
,[1610188214,43,65,38,28],[1610191214,38,41,29,27],[1610191214,"on"]
,[1610192414,73,184,141,31],[1610192414,"off"]
,[1610197214,49,67,38,29]
,[1610202014,38,34,28,27],[1610202014,"on"]
,[1610202614,61,146,128,30],[1610202614,"off"]
,[1610206214,68,81,37,29],[1610215217,61,43,29,27],[1610217617,54,34,27,26],[1610217617,"on"]
,[1610218817,84,179,139,30],[1610218817,"off"]
,[1610224217,56,61,36,29]
,[1610233218,65,74,33,28],[1610238018,56,40,26,26],[1610238018,"on"]
,[1610238618,75,147,126,29],[1610238618,"off"]
,[1610242218,56,68,38,28],[1610246418,46,38,28,26],[1610246418,"on"]
,[1610247018,66,144,123,28],[1610247018,"off"]
,[1610251218,47,59,36,27],[1610253618,42,41,28,26],[1610253618,"on"]
,[1610254218,63,146,124,28],[1610254218,"off"]
,[1610260218,41,44,29,26],[1610260818,41,41,28,26],[1610260818,"on"]
,[1610261418,60,146,124,28],[1610261418,"off"]
,[1610267418,39,44,29,26],[1610267418,"on"]
,[1610268018,61,148,127,28],[1610268018,"off"]
,[1610269218,51,101,54,28]
,[1610276418,51,45,26,25],[1610276418,"on"]
,[1610277018,71,151,126,26],[1610277018,"off"]
,[1610278218,61,104,52,27],[1610284219,59,45,26,25],[1610284219,"on"]
,[1610284819,79,149,124,28],[1610284819,"off"]
,[1610287219,62,82,42,27],[1610290819,51,46,28,24],[1610290819,"on"]
,[1610291419,73,151,129,28],[1610291419,"off"]
,[1610296219,71,72,32,27],[1610300419,58,39,25,26],[1610300419,"on"]
,[1610301019,78,146,121,28],[1610301019,"off"]
,[1610305219,55,59,33,26],[1610308218,53,48,26,24],[1610308218,"on"]
,[1610309418,89,178,131,28],[1610309418,"off"]
,[1610314218,70,66,29,27],[1610316618,61,46,25,26],[1610316618,"on"]
,[1610317818,92,188,143,29],[1610317818,"off"]
,[1610323218,64,54,27,26],[1610324418,60,46,26,24],[1610324418,"on"]
,[1610325018,79,149,123,28],[1610325018,"off"]
,[1610330418,51,47,28,24],[1610330418,"on"]
,[1610331618,82,184,138,28],[1610331618,"off"]
,[1610332218,76,143,81,28],[1610337618,49,49,27,24],[1610337618,"on"]
,[1610338818,81,185,140,28],[1610338818,"off"]
,[1610341218,62,98,45,26],[1610344818,48,48,26,24],[1610344818,"on"]
,[1610346018,79,183,136,28],[1610346018,"off"]
,[1610350218,53,67,33,25]
,[1610351418,48,53,28,24],[1610351418,"on"]
,[1610352618,80,183,135,28],[1610352618,"off"]
,[1610358620,46,47,25,24],[1610358620,"on"]
,[1610359220,65,124,118,26],[1610359820,81,173,127,27],[1610359820,"off"]
,[1610363420,60,53,23,24],[1610363420,"on"]
,[1610364620,89,184,134,26],[1610364620,"off"]
,[1610368220,64,62,26,25],[1610369420,59,50,23,24],[1610369420,"on"]
,[1610370620,88,160,127,29],[1610370620,"off"]
,[1610374820,65,48,23,25],[1610374820,"on"]
,[1610376020,94,186,137,27],[1610376020,"off"]
,[1610377220,75,89,39,27],[1610385021,68,56,24,23],[1610385021,"on"]
,[1610386221,95,184,129,27],[1610386221,"off"]
,[1610386221,"off"],[1610392221,58,49,26,23],[1610392221,"on"]
,[1610393421,89,184,136,27],[1610393421,"off"]
,[1610395221,71,111,49,26],[1610399421,53,48,26,23],[1610399421,"on"]
,[1610400621,83,184,135,28],[1610400621,"off"]
,[1610404221,58,75,36,24],[1610406021,51,53,27,23],[1610406021,"on"]
,[1610407221,81,184,136,26],[1610407221,"off"]
,[1610412621,49,51,26,23],[1610412621,"on"]
,[1610413221,68,149,119,24],[1610413821,81,186,138,27],[1610413821,"off"]
,[1610418621,49,58,27,23],[1610418621,"on"]
,[1610419821,79,184,132,27],[1610419821,"off"]
,[1610422221,59,96,41,25],[1610424621,49,57,27,23],[1610424621,"on"]
,[1610425821,80,184,134,26],[1610425821,"off"]
,[1610430621,49,56,26,23],[1610430621,"on"]
,[1610431221,68,149,119,24],[1610431821,79,184,132,26],[1610431821,"off"]
,[1610436621,49,55,26,21],[1610436621,"on"]
,[1610437821,79,184,132,25],[1610437821,"off"]
,[1610440221,58,93,38,23],[1610442021,51,62,26,22],[1610442021,"on"]
,[1610443221,79,183,129,25],[1610443221,"off"]
,[1610447421,51,61,26,21],[1610447421,"on"]
,[1610448621,79,182,126,24],[1610448621,"off"]
,[1610449221,73,141,71,24]
,[1610452821,51,61,26,21],[1610452821,"on"]
,[1610454021,80,183,129,24],[1610454021,"off"]
,[1610458221,51,61,26,21],[1610458221,"on"]
,[1610458221,"on"],[1610459421,81,186,132,24],[1610459421,"off"]
,[1610463621,51,63,26,21],[1610463621,"on"]
,[1610464821,81,186,133,24],[1610464821,"off"]
,[1610467221,59,94,38,22],[1610469021,51,62,25,19],[1610469021,"on"]
,[1610470221,80,183,129,24],[1610470221,"off"]
,[1610474421,50,60,25,21],[1610474421,"on"]
,[1610475621,79,181,126,23],[1610475621,"off"]
,[1610476221,71,139,71,22],[1610479221,51,67,28,19],[1610479221,"on"]
,[1610480421,81,186,128,23],[1610480421,"off"]
,[1610484021,53,69,26,19],[1610484021,"on"]
,[1610485221,81,185,128,23],[1610485221,"off"]
,[1610485221,"off"],[1610488821,53,68,26,19],[1610488821,"on"]
,[1610490021,81,185,126,22],[1610490021,"off"]
,[1610493621,53,68,26,18],[1610493621,"on"]
,[1610494221,69,150,109,20],[1610494821,81,185,127,21],[1610494821,"off"]
,[1610498421,53,67,24,18],[1610498421,"on"]
,[1610499621,81,184,125,21],[1610499621,"off"]
,[1610502621,55,76,28,18],[1610502621,"on"]
,[1610503221,73,156,114,19],[1610503821,83,188,123,20],[1610503821,"off"]
,[1610506821,56,78,28,18],[1610506821,"on"]
,[1610508021,86,190,127,21],[1610508021,"off"]
,[1610511621,55,68,23,17],[1610511621,"on"]
,[1610512221,72,153,113,19],[1610512821,83,186,126,20],[1610512821,"off"]
,[1610515821,56,76,26,17],[1610515821,"on"]
,[1610517021,84,188,125,19],[1610517021,"off"]
,[1610520021,56,77,27,17],[1610520021,"on"]
,[1610521221,84,188,123,19],[1610521221,"off"]
,[1610521221,"off"],[1610524221,57,77,26,17],[1610524221,"on"]
,[1610525421,84,184,120,19],[1610525421,"off"]
,[1610528421,57,76,25,16],[1610528421,"on"]
,[1610529621,85,188,123,20],[1610529621,"off"]
,[1610530221,76,143,64,19],[1610532621,57,76,24,16],[1610532621,"on"]
,[1610533821,84,188,124,19],[1610533821,"off"]
,[1610536821,57,76,24,17],[1610536821,"on"]
,[1610538021,84,187,123,19],[1610538021,"off"]
,[1610539221,69,121,43,18],[1610541021,58,76,24,16],[1610541021,"on"]
,[1610542221,84,187,120,19],[1610542221,"off"]
,[1610545221,56,76,25,16],[1610545221,"on"]
,[1610546421,84,187,121,18],[1610546421,"off"]
,[1610548221,64,104,35,17],[1610549421,57,76,24,15],[1610549421,"on"]
,[1610550621,84,187,121,18],[1610550621,"off"]
,[1610553621,56,76,23,16],[1610553621,"on"]
,[1610554821,83,185,121,19],[1610554821,"off"]
,[1610557221,59,88,29,16],[1610557821,56,74,23,16],[1610557821,"on"]
,[1610559021,84,187,123,18],[1610559021,"off"]
,[1610562021,56,75,23,16],[1610562021,"on"]
,[1610563221,83,187,121,18],[1610563221,"off"]
,[1610565021,63,77,21,16],[1610565021,"on"]
,[1610566221,89,191,116,19],[1610566821,96,210,121,19],[1610566821,"off"]
,[1610569821,66,84,26,16],[1610569821,"on"]
,[1610571021,90,189,119,18],[1610571021,"off"]
,[1610574021,63,76,23,16],[1610574021,"on"]
,[1610575221,90,189,123,18],[1610575221,"off"]
,[1610575221,"off"]
,[1610578221,59,74,23,14],[1610578221,"on"]
,[1610579421,88,189,121,18],[1610579421,"off"]
,[1610581821,63,87,27,14],[1610581821,"on"]
,[1610583621,94,211,123,18],[1610583621,"off"]
,[1610584221,85,159,64,17],[1610586621,64,81,23,14],[1610586621,"on"]
,[1610588421,96,208,124,18],[1610588421,"off"]
,[1610591421,64,81,23,14],[1610591421,"on"]
,[1610593221,97,209,123,17],[1610593221,"off"]
,[1610593221,"off"],[1610596221,64,81,21,14],[1610596221,"on"]
,[1610598021,97,208,123,18],[1610598021,"off"]
,[1610601021,64,80,23,14],[1610601021,"on"]
,[1610602221,91,187,118,17],[1610602821,98,209,114,18],[1610602821,"off"]
,[1610605221,70,94,24,14],[1610605221,"on"]
,[1610607621,106,224,114,18],[1610607621,"off"]
,[1610610621,73,86,20,15],[1610610621,"on"]
,[1610611221,87,159,98,16],[1610613021,108,223,115,19],[1610613021,"off"]
,[1610616021,72,86,20,15],[1610616021,"on"]
,[1610617821,103,211,113,18],[1610617821,"off"]
,[1610620221,74,94,23,14],[1610620221,"on"]
,[1610620221,"on"],[1610622621,108,223,109,18],[1610622621,"off"]
,[1610625621,73,84,19,14],[1610625621,"on"]
,[1610628021,108,223,115,18],[1610628021,"off"]
,[1610629221,90,139,41,16],[1610631021,73,84,19,13],[1610631021,"on"]
,[1610633421,111,223,114,18],[1610633421,"off"]
,[1610636421,69,82,11,14],[1610636421,"on"]
,[1610638221,96,180,97,18],[1610640621,109,216,109,19],[1610640621,"off"]
,[1610641821,74,83,14,18],[1610641821,"on"]
,[1610643621,105,213,111,19],[1610643621,"off"]
,[1610646625,73,83,18,13],[1610646625,"on"]
,[1610647225,89,157,95,14],[1610649025,109,221,114,17],[1610649025,"off"]
,[1610652026,74,84,19,13],[1610652026,"on"]
,[1610654426,109,219,113,17],[1610654426,"off"]
,[1610655626,74,88,18,16],[1610655626,"on"]
,[1610656226,89,170,94,16],[1610658026,109,226,111,19],[1610658026,"off"]
,[1610661026,66,76,8,14],[1610661026,"on"]
,[1610663426,108,225,114,16],[1610663426,"off"]
,[1610665226,83,119,30,14],[1610665826,72,86,16,14],[1610665826,"on"]
,[1610668226,109,228,113,16],[1610668226,"off"]
,[1610671226,73,86,19,13],[1610671226,"on"]
,[1610673626,110,223,114,16],[1610673626,"off"]
,[1610674226,99,169,58,16]
,[1610676626,73,84,19,13],[1610676626,"on"]
,[1610679027,109,220,111,16],[1610679027,"off"]
,[1610681427,78,100,23,13],[1610681427,"on"]
,[1610683227,108,213,109,16],[1610683827,112,224,112,16],[1610683827,"off"]
,[1610686827,75,85,18,13],[1610686827,"on"]
,[1610689226,110,221,113,17],[1610689226,"off"]
,[1610692226,73,83,19,13],[1610692226,"on"]
,[1610692226,"on"],[1610694626,108,219,111,16],[1610694626,"off"]
,[1610697026,76,96,21,13],[1610697026,"on"]
,[1610700026,114,228,108,17],[1610700026,"off"]
,[1610701226,94,142,39,15],[1610702426,81,100,21,13],[1610702426,"on"]
,[1610704827,113,223,110,16],[1610704827,"off"]
,[1610706027,71,81,4,13],[1610706027,"on"]
,[1610710227,102,198,93,16],[1610713827,119,236,111,16],[1610713827,"off"]
,[1610716227,85,105,21,12],[1610716227,"on"]
,[1610719227,119,229,106,15],[1610725227,117,235,106,17],[1610725227,"off"]
,[1610727027,66,75,4,14],[1610727027,"on"]
,[1610728227,93,188,99,15],[1610730628,115,237,110,16],[1610730628,"off"]
,[1610733028,83,103,20,12],[1610733028,"on"]
,[1610736028,118,231,108,15],[1610736028,"off"]
,[1610737228,96,144,37,13],[1610738428,83,100,20,12],[1610738428,"on"]
,[1610742628,112,227,109,16],[1610742628,"off"]
,[1610745028,79,99,19,11],[1610745028,"on"]
,[1610746228,85,162,88,14],[1610749828,120,243,108,15],[1610749828,"off"]
,[1610751027,86,101,9,13],[1610751027,"on"]
,[1610754027,119,233,107,15],[1610754027,"off"]
]
