[[1610755227,98,145,36,13],[1610756427,85,101,19,11],[1610756427,"on"]
,[1610759428,119,231,109,15],[1610759428,"off"]
,[1610761828,84,100,20,11],[1610761828,"on"]
,[1610764228,116,221,108,14],[1610764828,119,229,109,14],[1610764828,"off"]
,[1610767228,85,101,21,11],[1610767228,"on"]
,[1610770228,120,230,109,15],[1610770228,"off"]
,[1610772628,84,100,21,11],[1610772628,"on"]
,[1610773228,98,167,91,12],[1610775628,121,233,111,15],[1610775628,"off"]
,[1610778028,86,100,21,11],[1610778028,"on"]
,[1610780428,118,224,109,14],[1610780428,"off"]
,[1610782228,90,116,27,12],[1610782829,83,98,20,11],[1610782829,"on"]
,[1610785829,120,236,111,16],[1610785829,"off"]
,[1610788229,85,101,21,11],[1610788229,"on"]
,[1610791229,103,211,103,15],[1610793029,116,236,109,15],[1610793029,"off"]
,[1610794229,70,87,14,14],[1610794229,"on"]
,[1610798429,119,239,106,16],[1610798429,"off"]
,[1610799629,79,93,6,13],[1610799629,"on"]
,[1610800229,95,166,85,13]
,[1610804428,124,241,106,15],[1610804428,"off"]
,[1610806828,89,104,21,11],[1610806828,"on"]
,[1610809229,117,223,106,14],[1610809829,122,231,108,15],[1610809829,"off"]
,[1610811629,78,93,11,12],[1610811629,"on"]
,[1610818229,97,194,92,15],[1610821829,125,246,108,15],[1610821829,"off"]
,[1610824230,91,107,19,11],[1610824230,"on"]
,[1610827229,115,227,103,13],[1610833229,126,240,105,15],[1610833229,"off"]
,[1610834429,69,79,3,13],[1610834429,"on"]
,[1610836229,101,206,99,13],[1610841030,123,244,108,14],[1610841030,"off"]
,[1610843430,88,105,19,10],[1610843430,"on"]
,[1610845230,113,212,102,12],[1610847630,126,243,108,13],[1610847630,"off"]
,[1610850030,91,103,20,9],[1610850030,"on"]
,[1610853030,123,233,108,14],[1610853030,"off"]
,[1610854230,100,143,34,11],[1610855430,87,98,19,9],[1610855430,"on"]
,[1610860230,129,238,106,14],[1610860230,"off"]
,[1610862630,91,102,18,10],[1610862630,"on"]
,[1610863230,104,168,89,11],[1610867430,131,246,106,13],[1610867430,"off"]
,[1610869831,93,103,16,9],[1610869831,"on"]
,[1610872231,119,220,101,11]
,[1610881230,105,209,85,11],[1610890230,115,226,93,8],[1610899231,116,214,85,9]
,[1610908231,116,234,91,6],[1610917231,111,212,80,6]
,[1610926232,111,202,71,3],[1610935231,134,233,90,3],[1610944231,139,233,89,3]
,[1610953232,138,228,84,1],[1610962232,113,197,51,-1],[1610971232,93,202,69,-7]
,[1610980233,119,228,77,-7],[1610989232,91,201,69,-9],[1610998232,107,211,71,-8]
,[1611007233,87,191,68,-7],[1611016233,123,230,79,-6],[1611025233,132,228,82,-3]
,[1611034234,136,229,81,-1],[1611043234,138,229,83,-1]
,[1611052233,91,171,62,-1],[1611061234,83,176,61,-3],[1611070234,71,134,72,1]
,[1611079234,116,232,88,-2],[1611088234,94,191,74,2],[1611097235,121,244,91,3]
,[1611106235,143,248,94,9],[1611110435,149,253,101,11],[1611110435,"off"]
,[1611112835,106,108,16,7],[1611112835,"on"]
,[1611115235,128,221,97,9],[1611121835,144,251,103,13],[1611121835,"off"]
,[1611124235,104,109,18,9],[1611124235,"on"]
,[1611124235,"on"]
,[1611129635,138,244,103,13],[1611129635,"off"]
,[1611132035,99,105,19,8],[1611132035,"on"]
,[1611133235,114,189,91,11],[1611141636,124,246,105,13],[1611141636,"off"]
,[1611142236,112,186,53,13],[1611144036,89,107,19,9],[1611144036,"on"]
,[1611150636,124,247,110,15],[1611150636,"off"]
,[1611151236,112,188,57,14],[1611153636,83,93,17,10],[1611153636,"on"]
,[1611160235,123,238,110,17],[1611160235,"off"]
,[1611160235,"off"],[1611162636,68,78,9,14],[1611162636,"on"]
,[1611167436,114,232,110,18],[1611167436,"off"]
,[1611169236,88,125,31,14],[1611170436,78,90,20,12],[1611170436,"on"]
,[1611172836,114,226,114,16],[1611172836,"off"]
,[1611175236,69,78,8,13],[1611175236,"on"]
,[1611177636,109,228,113,16],[1611177636,"off"]
,[1611178236,98,174,58,16],[1611179436,69,83,19,14],[1611179436,"on"]
,[1611181836,111,231,116,17],[1611181836,"off"]
,[1611184836,75,89,21,13],[1611184836,"on"]
,[1611187236,111,226,114,16],[1611187236,"off"]
,[1611187236,"off"],[1611190236,75,87,19,13],[1611190236,"on"]
,[1611192636,110,224,112,16],[1611192636,"off"]
,[1611195636,74,86,19,13],[1611195636,"on"]
,[1611196236,91,159,93,13],[1611198636,114,231,111,15],[1611198636,"off"]
,[1611201636,76,87,19,12],[1611201636,"on"]
,[1611205236,118,238,109,16],[1611205236,"off"]
,[1611205236,"off"],[1611208236,79,88,19,11],[1611208236,"on"]
,[1611211836,119,237,106,15],[1611211836,"off"]
,[1611214236,86,103,21,11],[1611214236,"on"]
,[1611214236,"on"],[1611217836,123,236,108,15],[1611217836,"off"]
,[1611220236,88,103,21,12],[1611220236,"on"]
,[1611223236,119,226,105,14]
,[1611229837,128,247,106,16],[1611229837,"off"]
,[1611231637,73,88,14,15],[1611231637,"on"]
,[1611232237,88,167,85,15],[1611234637,114,236,109,16],[1611234637,"off"]
,[1611237037,80,103,21,11],[1611237037,"on"]
,[1611239437,114,227,110,15],[1611239437,"off"]
,[1611241237,87,119,28,12],[1611241838,80,100,21,11],[1611241838,"on"]
,[1611250238,96,174,91,19]
,[1611251438,109,221,109,18],[1611251438,"off"]
,[1611252638,71,75,6,16],[1611252638,"on"]
,[1611255638,114,231,110,16],[1611255638,"off"]
,[1611258638,78,89,19,11],[1611258638,"on"]
,[1611259238,93,159,93,12],[1611261038,113,223,112,15],[1611261038,"off"]
,[1611263438,81,100,24,11],[1611263438,"on"]
,[1611267639,111,228,110,18],[1611267639,"off"]
,[1611268239,101,175,58,16],[1611270638,76,89,19,12],[1611270638,"on"]
,[1611273038,111,224,116,16],[1611273038,"off"]
,[1611276038,76,86,21,12],[1611276038,"on"]
,[1611277238,98,186,103,14],[1611278438,110,221,114,16],[1611278438,"off"]
,[1611281438,74,86,21,13],[1611281438,"on"]
,[1611283238,106,212,114,16],[1611283238,"off"]
,[1611286238,71,83,19,12],[1611286238,"on"]
,[1611286238,"on"],[1611288038,102,209,114,16],[1611288038,"off"]
,[1611290438,73,96,24,13],[1611290438,"on"]
,[1611292238,103,213,114,16],[1611292238,"off"]
,[1611295238,69,83,21,13],[1611295238,"on"]
,[1611295238,"on"],[1611297639,108,224,117,16],[1611297639,"off"]
,[1611300639,73,88,23,13],[1611300639,"on"]
,[1611302439,104,209,114,17],[1611302439,"off"]
,[1611304239,79,114,33,14],[1611305439,69,84,21,13],[1611305439,"on"]
,[1611307239,101,209,114,18],[1611307239,"off"]
,[1611309639,66,80,18,15],[1611309639,"on"]
,[1611313239,108,214,108,20],[1611313239,"off"]
,[1611313239,"off"],[1611316239,69,86,24,16],[1611316239,"on"]
,[1611319239,105,211,116,21],[1611319239,"off"]
,[1611322240,74,88,25,16],[1611322840,71,76,21,15],[1611322840,"on"]
,[1611324040,98,190,117,18],[1611324040,"off"]
,[1611327039,68,80,24,15],[1611327039,"on"]
,[1611329439,104,214,116,21],[1611329439,"off"]
,[1611331239,70,72,16,18],[1611331239,"on"]
,[1611331239,"on"],[1611333039,103,204,114,21],[1611333039,"off"]
,[1611334839,72,79,19,21],[1611334839,"on"]
,[1611336039,100,197,114,22],[1611336039,"off"]
,[1611339639,69,76,24,18],[1611339639,"on"]
,[1611340239,86,158,105,19],[1611340839,97,191,120,21],[1611340839,"off"]
,[1611345039,63,65,24,18],[1611345039,"on"]
,[1611347439,106,219,126,24],[1611347439,"off"]
,[1611349239,83,126,43,21]
,[1611352240,66,65,24,19],[1611352240,"on"]
,[1611354040,103,207,120,24],[1611354040,"off"]
,[1611357640,71,74,21,21],[1611357640,"on"]
,[1611358240,88,161,105,23],[1611358840,99,197,123,24],[1611358840,"off"]
,[1611363640,64,62,25,21],[1611363640,"on"]
,[1611364840,93,188,124,24],[1611364840,"off"]
,[1611367240,69,98,38,21],[1611369640,60,59,24,21],[1611369640,"on"]
,[1611370840,88,186,125,24],[1611370840,"off"]
,[1611375641,56,59,26,21],[1611375641,"on"]
,[1611376241,76,153,114,23],[1611376841,86,187,127,24],[1611376841,"off"]
,[1611381641,55,60,27,22],[1611381641,"on"]
,[1611382841,84,189,128,24],[1611382841,"off"]
,[1611385241,64,99,41,24],[1611388241,53,54,26,22],[1611388241,"on"]
,[1611389441,82,183,124,26],[1611389441,"off"]
,[1611394240,53,61,28,22],[1611394840,52,54,26,23],[1611394840,"on"]
,[1611396040,83,186,128,26],[1611396040,"off"]
,[1611399640,61,53,23,23],[1611399640,"on"]
,[1611400840,96,200,129,27],[1611400840,"off"]
,[1611403240,73,73,28,25],[1611407441,64,52,23,23],[1611407441,"on"]
,[1611408641,94,189,129,28],[1611408641,"off"]
,[1611412241,68,84,38,25],[1611417641,57,52,24,24],[1611417641,"on"]
,[1611418841,84,144,123,29],[1611418841,"off"]
,[1611421241,75,84,35,28],[1611426041,63,43,25,24],[1611426041,"on"]
,[1611427241,93,187,134,29],[1611427241,"off"]
,[1611430241,71,96,45,28],[1611438042,56,44,25,25],[1611438042,"on"]
,[1611439242,84,136,129,32],[1611439242,"off"]
]
