[[1613416220,136,248,97,9],[1613425220,119,231,84,6],[1613434220,132,245,91,5]
,[1613443220,144,245,91,6],[1613452220,144,241,87,5],[1613461220,141,230,79,3]
,[1613470220,88,193,66,-1],[1613479222,80,167,63,-1],[1613488221,103,193,68,1]
,[1613497222,110,229,82,-1],[1613506222,137,238,90,5]
,[1613515222,149,246,99,10],[1613522422,154,249,100,13],[1613522422,"off"]
,[1613524222,119,129,24,9],[1613524822,111,112,18,8],[1613524822,"on"]
,[1613533222,144,249,98,12],[1613534422,147,253,101,13],[1613534422,"off"]
,[1613536822,107,109,18,9],[1613536822,"on"]
,[1613542222,138,240,99,11],[1613546422,147,248,101,14],[1613546422,"off"]
,[1613548822,106,109,19,9],[1613548822,"on"]
,[1613551222,127,222,97,11],[1613558422,145,244,102,14],[1613558422,"off"]
,[1613560222,114,127,26,11],[1613561422,98,94,13,9],[1613561422,"on"]
,[1613567422,138,246,103,13],[1613567422,"off"]
,[1613569222,104,128,26,11],[1613569822,99,106,19,9],[1613569822,"on"]
,[1613577622,139,244,105,15],[1613577622,"off"]
,[1613578222,128,189,57,14],[1613580622,96,94,17,11],[1613580622,"on"]
,[1613584822,130,242,106,14],[1613584822,"off"]
,[1613587222,94,106,21,11],[1613587222,"on"]
,[1613587222,"on"]
,[1613591422,129,244,105,14],[1613591422,"off"]
,[1613594422,89,91,15,10],[1613594422,"on"]
,[1613596222,113,210,100,12],[1613598622,129,246,106,14],[1613598622,"off"]
,[1613601622,86,91,16,9],[1613601622,"on"]
,[1613605222,122,235,101,13],[1613605822,125,242,105,14],[1613605822,"off"]
,[1613608222,90,107,19,11],[1613608222,"on"]
,[1613613022,132,251,105,14],[1613613022,"off"]
,[1613614222,109,154,39,13]
,[1613616022,88,91,15,10],[1613616022,"on"]
,[1613620822,131,249,106,14],[1613620822,"off"]
,[1613623222,93,108,20,9],[1613623222,"on"]
,[1613623222,"on"],[1613629822,137,250,102,14],[1613629822,"off"]
,[1613632222,98,106,16,9],[1613632222,"on"]
,[1613632222,"on"]
,[1613641222,141,241,95,13],[1613650222,148,238,93,14],[1613659222,110,221,89,14]
,[1613668225,98,201,84,10],[1613677225,118,210,79,11],[1613686225,96,199,79,9]
,[1613695225,139,253,95,8],[1613704225,148,245,93,9],[1613713226,151,248,92,10]
,[1613722226,151,248,91,12],[1613731226,115,231,87,9]
,[1613740227,113,227,84,7],[1613749227,104,213,83,9],[1613758227,124,246,93,7]
,[1613767227,101,207,85,9],[1613776227,123,239,96,8],[1613785228,145,244,94,10]
,[1613794227,151,242,94,11],[1613803227,149,241,91,9],[1613812228,145,234,86,8]
,[1613821228,109,223,76,2],[1613830228,109,231,84,1],[1613839229,94,199,83,4]
,[1613848228,141,258,101,9],[1613851228,146,259,102,11],[1613851228,"off"]
,[1613853628,107,112,20,7],[1613853628,"on"]
,[1613857228,131,235,94,11]
,[1613865028,133,257,103,13],[1613865028,"off"]
,[1613866228,109,158,35,9],[1613867428,95,111,19,8],[1613867428,"on"]
,[1613871629,133,251,104,12],[1613871629,"off"]
,[1613874029,96,108,19,8],[1613874029,"on"]
,[1613875229,115,201,97,9],[1613878829,135,252,102,13],[1613878829,"off"]
,[1613881229,96,109,19,9],[1613881229,"on"]
,[1613884229,128,236,100,11],[1613886629,139,256,105,14],[1613886629,"off"]
,[1613889029,100,111,19,10],[1613889029,"on"]
,[1613893229,136,251,104,14],[1613893229,"off"]
,[1613893229,"off"],[1613896230,92,92,16,9],[1613896230,"on"]
,[1613902230,106,215,90,13],[1613910630,131,253,104,14],[1613910630,"off"]
,[1613911230,119,193,54,13],[1613913630,90,96,17,10],[1613913630,"on"]
,[1613917829,129,243,103,15],[1613917829,"off"]
,[1613919630,78,92,5,12],[1613919630,"on"]
,[1613920230,94,166,75,13],[1613927430,126,253,109,16],[1613927430,"off"]
,[1613929230,97,136,31,13],[1613930430,78,93,16,12],[1613930430,"on"]
,[1613935230,121,246,105,16],[1613935230,"off"]
,[1613938230,83,96,19,11],[1613938230,"on"]
,[1613938230,"on"]
,[1613942430,118,239,107,16],[1613942430,"off"]
,[1613945431,64,82,19,14],[1613945431,"on"]
,[1613947231,101,216,103,15],[1613949031,118,244,109,16],[1613949031,"off"]
,[1613952031,81,96,20,13],[1613952031,"on"]
,[1613954431,116,231,109,16],[1613954431,"off"]
,[1613956231,89,126,31,13],[1613957431,79,91,19,11],[1613957431,"on"]
,[1613960431,119,239,106,16],[1613960431,"off"]
,[1613963431,83,94,19,11],[1613963431,"on"]
,[1613965231,111,216,104,15],[1613965831,116,231,108,16],[1613965831,"off"]
,[1613968831,79,89,18,11],[1613968831,"on"]
,[1613971830,119,236,107,15],[1613971830,"off"]
,[1613974231,86,108,23,12],[1613974831,80,91,19,11],[1613974831,"on"]
,[1613977831,119,238,108,14],[1613977831,"off"]
,[1613980231,86,106,23,11],[1613980231,"on"]
,[1613983231,120,233,99,14],[1613985031,129,243,104,15],[1613985031,"off"]
,[1613986831,71,84,13,14],[1613986831,"on"]
,[1613992231,111,226,95,14],[1614001232,125,238,93,14],[1614010232,106,223,94,14]
,[1614016232,136,246,101,15],[1614016232,"off"]
,[1614019232,93,94,16,10],[1614019232,"on"]
,[1614019232,"on"],[1614028233,111,228,89,11],[1614037233,131,244,89,9]
,[1614046233,146,244,89,9],[1614055232,145,240,85,6],[1614064233,139,233,75,3]
,[1614073233,128,213,61,-3],[1614082233,82,189,54,-10]
,[1614091233,89,173,77,-9],[1614100234,103,225,68,-12],[1614109234,123,228,66,-9]
]
