[[1612744807,81,91,18,12],[1612744807,"on"]
,[1612747207,116,228,109,16],[1612747207,"off"]
,[1612749607,83,101,21,11],[1612749607,"on"]
,[1612750207,96,166,89,13],[1612753207,123,241,107,15],[1612753207,"off"]
,[1612755606,87,105,21,11],[1612755606,"on"]
,[1612759206,124,239,106,14],[1612759206,"off"]
,[1612759206,"off"],[1612761606,90,103,22,11],[1612761606,"on"]
,[1612768207,135,246,102,14],[1612768807,137,246,103,15],[1612768807,"off"]
,[1612771207,98,104,18,11],[1612771207,"on"]
,[1612777207,116,204,101,13],[1612786208,104,213,88,10]
,[1612792808,137,252,103,13],[1612792808,"off"]
,[1612795207,99,108,19,9],[1612795207,"on"]
,[1612795207,"on"],[1612804208,106,219,98,13],[1612807208,126,252,107,13],[1612807208,"off"]
,[1612809608,90,109,21,9],[1612809608,"on"]
,[1612813208,115,203,83,13]
,[1612822207,98,189,83,15],[1612827608,131,249,103,13],[1612827608,"off"]
,[1612830008,93,104,16,8],[1612830008,"on"]
,[1612831208,112,195,95,9]
,[1612840208,143,249,97,12],[1612849208,148,241,91,12],[1612858208,148,233,89,11]
,[1612867208,144,235,90,9],[1612876209,86,174,72,8],[1612885209,105,209,81,7]
,[1612894210,122,237,94,7],[1612903210,146,244,100,13],[1612909810,151,243,101,14],[1612909810,"off"]
,[1612912210,109,110,19,9],[1612912810,102,98,14,9],[1612912810,"on"]
,[1612917610,136,247,103,13],[1612917610,"off"]
,[1612920010,98,104,16,8],[1612920010,"on"]
,[1612921210,114,193,91,9],[1612926610,139,251,101,13],[1612926610,"off"]
,[1612929010,101,106,17,9],[1612929010,"on"]
,[1612930210,117,194,93,11],[1612936810,144,250,100,14],[1612936810,"off"]
,[1612939210,103,107,18,9],[1612939210,"on"]
,[1612939210,"on"]
,[1612948210,141,242,98,13],[1612951210,147,244,101,15],[1612951210,"off"]
,[1612953610,106,108,18,9],[1612953610,"on"]
,[1612957210,128,223,91,12],[1612963210,144,244,101,15],[1612963210,"off"]
,[1612966210,98,94,14,10],[1612966210,"on"]
,[1612966210,"on"],[1612975210,139,244,99,16],[1612977010,143,249,103,16],[1612977010,"off"]
,[1612980010,97,95,16,11],[1612980010,"on"]
,[1612984210,129,238,102,14],[1612984810,133,242,104,14],[1612984810,"off"]
,[1612987210,96,104,19,10],[1612987210,"on"]
,[1612993210,135,245,98,14],[1612994410,139,249,102,16],[1612994410,"off"]
,[1612996810,71,81,-3,11],[1612996810,"on"]
,[1613002210,124,246,98,13],[1613005810,137,253,101,13],[1613005810,"off"]
,[1613008210,99,106,16,9],[1613008210,"on"]
,[1613011210,126,230,98,11]
,[1613018410,145,251,101,13],[1613018410,"off"]
,[1613020210,111,125,23,9],[1613020810,104,106,16,8],[1613020810,"on"]
,[1613029210,141,246,98,12],[1613038210,148,246,96,13],[1613039410,149,246,99,14],[1613039410,"off"]
,[1613041810,108,109,16,10],[1613041810,"on"]
,[1613047210,132,233,93,11],[1613056213,82,133,85,16]
,[1613065212,119,239,96,11],[1613071213,141,251,101,14],[1613071213,"off"]
,[1613073613,101,106,18,9],[1613073613,"on"]
,[1613074213,112,168,81,10],[1613083214,111,232,97,11]
,[1613089813,140,256,103,13],[1613089813,"off"]
,[1613092213,101,106,18,8],[1613092213,"on"]
,[1613092213,"on"],[1613097614,137,249,102,13],[1613097614,"off"]
,[1613100014,98,103,17,8],[1613100014,"on"]
,[1613101214,114,191,89,9],[1613109014,143,248,102,13],[1613109014,"off"]
,[1613110214,119,153,34,11],[1613111414,102,106,17,9],[1613111414,"on"]
,[1613119214,141,247,98,13],[1613128214,113,226,91,11],[1613137215,130,239,93,10]
,[1613146215,88,176,75,9],[1613155214,136,241,96,10],[1613164215,108,224,91,8]
,[1613173215,132,246,97,9],[1613179215,146,258,102,12],[1613179215,"off"]
,[1613181616,106,110,16,7],[1613181616,"on"]
,[1613182216,116,170,80,8],[1613188816,143,252,103,12],[1613188816,"off"]
,[1613191216,103,106,16,7],[1613191216,"on"]
,[1613191216,"on"],[1613200216,144,251,101,13],[1613200216,"off"]
,[1613200216,"off"],[1613202616,105,106,17,8],[1613202616,"on"]
,[1613209216,97,175,76,13]
,[1613218215,109,220,89,10],[1613227216,94,183,79,10],[1613236216,114,231,96,8]
,[1613241617,139,253,104,13],[1613241617,"off"]
,[1613244017,100,109,21,8],[1613244017,"on"]
,[1613245216,114,191,91,9],[1613253017,133,252,104,13],[1613253017,"off"]
,[1613253617,79,96,19,13],[1613253617,"on"]
,[1613254217,91,165,73,13],[1613260217,131,251,104,13],[1613260217,"off"]
,[1613262617,94,109,20,9],[1613262617,"on"]
,[1613263216,108,173,88,9]
,[1613268017,136,246,108,13],[1613268017,"off"]
,[1613270417,98,108,21,9],[1613270417,"on"]
,[1613272217,121,213,101,12],[1613275217,136,241,105,14],[1613275217,"off"]
,[1613277617,97,106,19,9],[1613277617,"on"]
,[1613281217,127,235,100,12],[1613284217,139,244,106,14],[1613284217,"off"]
,[1613286617,101,108,20,9],[1613286617,"on"]
,[1613290217,131,238,102,13],[1613291417,136,243,104,13],[1613291417,"off"]
,[1613293818,98,104,19,9],[1613293818,"on"]
,[1613299218,99,173,81,12],[1613308217,121,238,96,10],[1613311217,134,250,104,13],[1613311217,"off"]
,[1613313617,97,108,19,8],[1613313617,"on"]
,[1613317217,91,184,79,11],[1613325618,133,251,103,13],[1613325618,"off"]
,[1613326218,121,189,54,12],[1613328018,96,109,21,8],[1613328018,"on"]
,[1613334618,136,248,103,14],[1613334618,"off"]
,[1613335218,123,186,56,13],[1613337018,68,85,18,13],[1613337018,"on"]
,[1613344218,130,252,105,14],[1613344218,"off"]
,[1613344218,"off"],[1613346618,94,109,21,10],[1613346618,"on"]
,[1613351418,133,248,104,14],[1613351418,"off"]
,[1613353218,102,127,28,10],[1613353818,96,106,21,9],[1613353818,"on"]
,[1613359218,135,249,103,13],[1613359218,"off"]
,[1613361618,97,106,19,9],[1613361618,"on"]
,[1613362218,109,168,84,10]
,[1613368818,140,253,102,13],[1613368818,"off"]
,[1613371218,101,106,18,8],[1613371218,"on"]
,[1613371218,"on"],[1613380218,140,238,97,11],[1613389218,115,228,86,8]
,[1613398218,126,236,89,8],[1613407220,94,193,81,9]
]
