[[1614550242,73,71,33,26],[1614557443,58,47,27,23],[1614557443,"on"]
,[1614558043,79,154,124,24],[1614558043,"off"]
,[1614559243,68,109,55,24]
,[1614565843,51,44,28,23],[1614565843,"on"]
,[1614566443,73,153,127,25],[1614566443,"off"]
,[1614568243,60,98,49,24],[1614573043,48,49,29,22],[1614573043,"on"]
,[1614573643,69,154,126,24],[1614573643,"off"]
,[1614577243,52,74,38,24],[1614580243,46,49,29,23],[1614580243,"on"]
,[1614580843,68,153,124,24],[1614580843,"off"]
,[1614586244,47,56,32,23],[1614586844,46,51,31,22],[1614586844,"on"]
,[1614588044,79,191,140,27],[1614588044,"off"]
,[1614595244,56,63,31,24],[1614597044,54,50,28,23],[1614597044,"on"]
,[1614597644,76,154,124,24],[1614597644,"off"]
,[1614604243,61,52,29,24],[1614605443,58,46,28,23],[1614605443,"on"]
,[1614606643,89,191,141,28],[1614606643,"off"]
,[1614613244,59,53,29,25]
,[1614615044,56,45,28,24],[1614615044,"on"]
,[1614616244,88,191,141,28],[1614616244,"off"]
,[1614622244,78,77,37,28],[1614631245,70,64,33,26]
,[1614640245,65,48,31,26],[1614649244,53,40,29,24],[1614649244,"on"]
,[1614649244,"on"],[1614649844,76,154,130,26],[1614649844,"off"]
,[1614658244,50,48,33,25],[1614660645,47,41,30,24],[1614660645,"on"]
,[1614661245,68,152,127,26],[1614661245,"off"]
,[1614667245,49,59,36,26],[1614671445,44,43,30,24],[1614671445,"on"]
,[1614672045,66,153,128,26],[1614672045,"off"]
,[1614676245,51,73,41,26],[1614685246,64,56,34,24]
,[1614694245,69,58,36,28],[1614703246,79,80,41,29],[1614712246,61,46,34,26]
,[1614720646,49,39,29,24],[1614720646,"on"]
,[1614721246,69,151,129,27],[1614721246,"off"]
,[1614721246,"off"],[1614730246,48,48,34,26],[1614733246,43,42,31,24],[1614733246,"on"]
,[1614733846,66,154,132,27],[1614733846,"off"]
,[1614739246,49,64,38,26]
,[1614744646,43,42,31,24],[1614744646,"on"]
,[1614745246,65,153,130,27],[1614745246,"off"]
,[1614748246,51,84,46,26],[1614754846,43,43,30,24],[1614754846,"on"]
,[1614755446,65,153,130,26],[1614755446,"off"]
,[1614757246,54,99,53,26],[1614763846,43,44,30,24],[1614763846,"on"]
,[1614765046,76,190,143,28],[1614765046,"off"]
,[1614766246,66,137,68,28],[1614775246,46,44,30,24],[1614775846,45,41,30,24],[1614775846,"on"]
,[1614776446,66,150,124,26],[1614776446,"off"]
,[1614784246,44,48,33,25],[1614786046,44,42,29,24],[1614786046,"on"]
,[1614786646,66,151,126,26],[1614786646,"off"]
,[1614793246,47,54,34,25],[1614795646,43,44,30,24],[1614795646,"on"]
,[1614796246,65,154,129,27],[1614796246,"off"]
,[1614802246,58,50,33,25],[1614806446,50,40,29,24],[1614806446,"on"]
,[1614807046,73,153,130,26],[1614807046,"off"]
,[1614811246,55,74,41,26]
,[1614818446,44,41,29,24],[1614818446,"on"]
,[1614819046,66,151,126,28],[1614819046,"off"]
,[1614820246,58,108,59,26],[1614829246,44,43,29,24],[1614829246,"on"]
,[1614829246,"on"],[1614829846,66,153,129,26],[1614829846,"off"]
,[1614838246,44,48,33,25]
,[1614840046,42,44,30,24],[1614840046,"on"]
,[1614840646,66,153,129,27],[1614840646,"off"]
,[1614847246,46,57,36,26],[1614851446,42,43,29,24],[1614851446,"on"]
,[1614852046,65,153,129,26],[1614852046,"off"]
,[1614856246,49,74,43,26],[1614863446,42,43,31,24],[1614863446,"on"]
,[1614864046,66,156,133,26],[1614864046,"off"]
,[1614865246,57,114,63,28],[1614874246,69,66,38,28],[1614883250,62,50,35,27]
,[1614892249,63,59,35,26],[1614901249,66,65,36,26],[1614910250,50,38,30,24],[1614910250,"on"]
,[1614910250,"on"],[1614910850,71,149,127,26],[1614910850,"off"]
,[1614919251,49,46,33,25],[1614920451,46,43,30,24],[1614920451,"on"]
,[1614921051,67,151,128,26],[1614921051,"off"]
,[1614928251,45,49,33,24],[1614929451,44,44,29,24],[1614929451,"on"]
,[1614930051,64,151,126,26],[1614930051,"off"]
,[1614937250,44,46,31,24],[1614937850,44,44,30,23],[1614937850,"on"]
,[1614938450,64,131,129,26],[1614938450,"off"]
,[1614946251,59,50,30,24],[1614948051,56,44,28,23],[1614948051,"on"]
,[1614948651,76,149,124,25],[1614948651,"off"]
,[1614955251,51,51,33,24],[1614957051,48,43,30,24],[1614957051,"on"]
,[1614957651,69,151,125,25],[1614957651,"off"]
,[1614964250,65,53,31,24]
,[1614967252,58,42,28,23],[1614967252,"on"]
,[1614967852,79,151,127,26],[1614967852,"off"]
,[1614973251,63,71,33,25],[1614982252,70,66,33,24],[1614985852,60,44,28,22],[1614985852,"on"]
,[1614986452,78,144,126,24],[1614986452,"off"]
,[1614991252,61,51,29,22],[1614991852,60,48,28,22],[1614991852,"on"]
,[1614992452,79,153,124,24],[1614992452,"off"]
,[1614998452,53,49,29,21],[1614998452,"on"]
,[1614999652,84,188,138,25],[1614999652,"off"]
,[1615000252,78,150,80,26],[1615006252,51,51,28,21],[1615006252,"on"]
,[1615007452,84,190,137,24],[1615007452,"off"]
,[1615009252,68,116,50,24],[1615013452,52,54,28,21],[1615013452,"on"]
,[1615014652,83,189,134,25],[1615014652,"off"]
,[1615018252,58,81,36,21],[1615020052,53,58,28,21],[1615020052,"on"]
,[1615021252,84,187,129,24],[1615021252,"off"]
,[1615027252,53,58,23,21],[1615027252,"on"]
,[1615027252,"on"],[1615028452,86,193,130,24],[1615028452,"off"]
,[1615035653,64,58,23,21],[1615035653,"on"]
,[1615036253,84,158,114,23],[1615036853,96,196,133,24],[1615036853,"off"]
,[1615043453,59,52,26,21],[1615043453,"on"]
,[1615044653,78,128,129,27],[1615044653,"off"]
,[1615045253,77,86,48,26],[1615051253,66,53,24,21],[1615051253,"on"]
,[1615052453,97,194,133,25],[1615052453,"off"]
,[1615054253,73,80,32,25],[1615056653,67,56,25,22],[1615056653,"on"]
,[1615057853,96,193,131,26],[1615057853,"off"]
,[1615063252,63,69,26,23],[1615063852,63,63,24,21],[1615063852,"on"]
,[1615065052,91,194,131,25],[1615065052,"off"]
,[1615069253,65,62,23,22],[1615069253,"on"]
,[1615070453,96,198,131,24],[1615070453,"off"]
,[1615072254,70,76,27,23],[1615073454,67,62,24,22],[1615073454,"on"]
,[1615074654,95,194,128,24],[1615074654,"off"]
,[1615080653,59,53,25,20],[1615080653,"on"]
,[1615081253,78,150,109,22],[1615081853,89,188,129,23],[1615081853,"off"]
,[1615086653,58,63,27,19],[1615086653,"on"]
,[1615087853,87,188,123,23],[1615087853,"off"]
,[1615090253,67,99,39,21],[1615092653,56,62,27,19],[1615092653,"on"]
,[1615093853,86,189,124,23],[1615093853,"off"]
,[1615098654,56,61,26,19],[1615098654,"on"]
,[1615099254,75,154,113,21],[1615099854,86,190,125,22],[1615099854,"off"]
,[1615104654,56,61,26,19],[1615104654,"on"]
,[1615105854,85,189,126,23],[1615105854,"off"]
,[1615108254,64,100,39,21],[1615110654,54,61,26,20],[1615110654,"on"]
,[1615111854,86,191,128,23],[1615111854,"off"]
,[1615115454,66,66,23,21],[1615115454,"on"]
,[1615116654,95,194,123,24],[1615116654,"off"]
,[1615117254,88,154,70,24],[1615120254,65,62,23,21],[1615120254,"on"]
,[1615121454,95,194,126,25],[1615121454,"off"]
,[1615126255,63,68,31,21],[1615127455,59,55,27,21],[1615127455,"on"]
,[1615128655,90,192,134,25],[1615128655,"off"]
,[1615132255,64,58,25,22],[1615132255,"on"]
,[1615133454,96,173,120,27],[1615133454,"off"]
,[1615135254,76,83,35,27],[1615138854,65,50,24,23],[1615138854,"on"]
,[1615140054,97,194,133,26],[1615140054,"off"]
,[1615144254,66,73,30,24],[1615145454,62,61,24,23],[1615145454,"on"]
,[1615146654,94,196,135,26],[1615146654,"off"]
,[1615151455,63,54,26,23],[1615151455,"on"]
,[1615152655,96,185,124,27],[1615152655,"off"]
,[1615153255,89,148,70,27],[1615159255,61,51,26,21],[1615159255,"on"]
,[1615160455,84,144,131,26],[1615160455,"off"]
]
