[[1615162255,72,92,36,24]
,[1615165255,61,55,26,21],[1615165255,"on"]
,[1615166455,91,192,133,25],[1615166455,"off"]
,[1615171255,61,68,31,21],[1615172455,56,55,26,21],[1615172455,"on"]
,[1615173655,89,191,134,24],[1615173655,"off"]
,[1615179656,54,53,26,21],[1615179656,"on"]
,[1615180256,74,153,117,23],[1615180856,87,191,133,24],[1615180856,"off"]
,[1615186255,54,58,27,21],[1615186255,"on"]
,[1615187455,86,191,133,24],[1615187455,"off"]
,[1615189255,68,116,49,23]
,[1615192855,54,58,27,21],[1615192855,"on"]
,[1615194055,84,188,128,24],[1615194055,"off"]
,[1615198256,58,71,31,21],[1615199456,53,58,28,21],[1615199456,"on"]
,[1615200655,90,198,130,25],[1615200655,"off"]
,[1615204855,65,56,23,21],[1615204855,"on"]
,[1615206055,94,176,121,26],[1615206055,"off"]
,[1615207255,79,125,49,24],[1615210856,68,60,24,23],[1615210856,"on"]
,[1615212056,101,199,134,26],[1615212056,"off"]
,[1615216256,73,71,28,24],[1615222256,67,58,24,22],[1615222256,"on"]
,[1615223456,96,194,129,24],[1615223456,"off"]
,[1615225257,79,119,49,23],[1615230057,60,51,26,21],[1615230057,"on"]
,[1615231257,91,191,132,24],[1615231257,"off"]
,[1615234257,66,92,38,23],[1615236657,57,58,28,20],[1615236657,"on"]
,[1615237857,88,191,129,25],[1615237857,"off"]
,[1615243257,54,57,26,20],[1615243257,"on"]
,[1615243257,"on"],[1615244457,85,191,127,23],[1615244457,"off"]
,[1615249257,55,61,26,19],[1615249257,"on"]
,[1615250457,85,191,128,23],[1615250457,"off"]
,[1615252257,68,113,44,21],[1615254657,55,68,27,19],[1615254657,"on"]
,[1615255857,86,192,125,22],[1615255857,"off"]
,[1615260057,55,67,24,18],[1615260057,"on"]
,[1615261257,85,188,118,21],[1615261257,"off"]
,[1615261257,"off"]
,[1615264857,57,73,25,17],[1615264857,"on"]
,[1615266057,85,190,119,20],[1615266057,"off"]
,[1615269657,57,72,24,16],[1615269657,"on"]
,[1615270257,75,156,103,18],[1615271457,93,211,119,20],[1615271457,"off"]
,[1615275057,62,78,24,16],[1615275057,"on"]
,[1615276857,98,214,118,19],[1615276857,"off"]
,[1615279257,71,103,32,16],[1615280457,64,78,24,16],[1615280457,"on"]
,[1615282257,98,214,118,19],[1615282257,"off"]
,[1615285857,65,77,23,15],[1615285857,"on"]
,[1615287657,100,214,117,18],[1615287657,"off"]
,[1615288257,90,163,63,18]
,[1615291257,66,77,23,14],[1615291257,"on"]
,[1615293057,99,212,116,18],[1615293057,"off"]
,[1615296657,64,76,23,14],[1615296657,"on"]
,[1615297257,82,156,97,16],[1615298457,99,213,118,18],[1615298457,"off"]
,[1615302057,65,77,24,14],[1615302057,"on"]
,[1615303857,101,213,117,18],[1615303857,"off"]
,[1615306257,74,103,32,16],[1615307457,66,78,23,15],[1615307457,"on"]
,[1615309857,106,226,119,19],[1615309857,"off"]
,[1615313457,70,81,24,15],[1615313457,"on"]
,[1615315257,103,214,118,18],[1615315257,"off"]
,[1615315257,"off"],[1615318257,71,88,25,14],[1615318257,"on"]
,[1615320057,104,218,116,18],[1615320057,"off"]
,[1615323057,62,79,26,16],[1615323057,"on"]
,[1615324257,93,198,108,18],[1615324857,99,218,113,18],[1615324857,"off"]
,[1615327857,68,88,22,14],[1615327857,"on"]
,[1615329657,103,217,113,17],[1615329657,"off"]
,[1615332657,69,86,20,12],[1615332657,"on"]
,[1615333257,84,158,91,12],[1615335657,113,233,109,16],[1615335657,"off"]
,[1615338657,76,91,21,13],[1615338657,"on"]
,[1615341657,117,236,110,16],[1615341657,"off"]
,[1615342257,105,179,59,16],[1615344657,79,89,20,11],[1615344657,"on"]
,[1615348857,124,245,105,14],[1615348857,"off"]
,[1615351257,89,107,23,10],[1615351257,"on"]
,[1615351257,"on"],[1615356057,130,244,103,14],[1615356057,"off"]
,[1615358457,93,104,21,9],[1615358457,"on"]
,[1615360257,116,213,96,11]
,[1615365657,138,253,102,13],[1615365657,"off"]
,[1615368057,99,105,19,9],[1615368057,"on"]
,[1615369257,114,190,86,9],[1615378257,146,251,98,13],[1615379457,148,251,99,14],[1615379457,"off"]
,[1615382457,99,97,13,9],[1615382457,"on"]
,[1615387257,135,247,100,13],[1615389057,140,250,102,14],[1615389057,"off"]
,[1615391457,101,106,19,9],[1615391457,"on"]
,[1615396257,134,242,96,13],[1615398657,141,250,102,14],[1615398657,"off"]
,[1615401657,95,94,16,9],[1615401657,"on"]
,[1615405257,127,234,96,12],[1615408257,139,254,100,14],[1615408257,"off"]
,[1615410657,100,106,18,9],[1615410657,"on"]
,[1615414257,129,237,98,12]
,[1615418457,143,254,101,13],[1615418457,"off"]
,[1615420857,103,106,17,9],[1615420857,"on"]
,[1615423257,125,224,93,10],[1615432257,146,248,94,11]
,[1615441257,147,241,84,11],[1615450257,144,236,81,8],[1615459257,147,246,93,9]
,[1615468257,149,244,91,12],[1615473057,151,251,99,14],[1615473057,"off"]
,[1615476057,60,74,2,12],[1615476057,"on"]
,[1615477262,86,182,79,11],[1615486261,129,251,99,11],[1615488062,138,257,103,11],[1615488062,"off"]
,[1615490462,98,111,19,9],[1615490462,"on"]
,[1615495262,92,184,82,13],[1615504261,119,244,95,11],[1615509062,140,259,101,13],[1615509062,"off"]
,[1615511461,101,108,18,8],[1615511461,"on"]
,[1615513261,122,212,90,10]
,[1615521062,146,254,99,13],[1615521062,"off"]
,[1615522262,121,154,34,11],[1615523462,104,108,18,8],[1615523462,"on"]
,[1615531262,141,248,97,11]
,[1615540262,147,242,94,12],[1615549262,114,225,88,9],[1615558262,123,244,94,11]
,[1615567263,103,208,91,14],[1615573864,124,248,106,13],[1615573864,"off"]
,[1615576264,90,111,23,9],[1615576264,"on"]
,[1615576264,"on"],[1615582863,124,244,104,14],[1615582863,"off"]
,[1615585263,91,111,23,10],[1615585863,64,79,14,12],[1615585863,"on"]
,[1615589463,116,245,110,13],[1615589463,"off"]
,[1615591863,83,110,23,10],[1615591863,"on"]
,[1615594263,117,234,108,14],[1615594263,"off"]
,[1615594263,"off"],[1615596663,84,107,23,10],[1615596663,"on"]
,[1615599663,121,241,111,14],[1615599663,"off"]
,[1615602663,83,94,20,11],[1615602663,"on"]
,[1615603263,99,167,94,12],[1615605063,117,228,109,15],[1615605063,"off"]
,[1615608063,79,90,21,11],[1615608063,"on"]
,[1615610463,114,228,111,16],[1615610463,"off"]
,[1615612263,88,123,31,13],[1615613463,78,90,21,11],[1615613463,"on"]
,[1615615863,113,224,111,15],[1615615863,"off"]
,[1615618863,78,90,23,12],[1615618863,"on"]
,[1615621263,113,224,110,16],[1615621263,"off"]
,[1615621263,"off"],[1615624263,77,91,23,13],[1615624263,"on"]
,[1615626663,113,228,114,17],[1615626663,"off"]
,[1615628463,71,85,19,16],[1615628463,"on"]
,[1615630263,102,216,108,17],[1615630863,108,228,109,18],[1615630863,"off"]
,[1615634463,62,70,10,14],[1615634463,"on"]
,[1615639263,99,179,95,19]
,[1615641663,109,221,114,21],[1615641663,"off"]
,[1615645265,68,77,14,16],[1615645265,"on"]
,[1615648265,103,207,109,20],[1615648865,109,226,117,21],[1615648865,"off"]
,[1615654864,56,41,8,13],[1615654864,"on"]
,[1615656064,85,181,108,15],[1615656064,"off"]
,[1615657264,69,119,39,14]
,[1615668498,66,69,13,9],[1615676386,49,36,7,8],[1615676386,"on"]
,[1615677183,74,156,106,9],[1615677183,"off"]
,[1615679583,54,80,24,9],[1615681009,48,59,18,9],[1615681009,"on"]
,[1615681385,60,130,82,11],[1615681385,"off"]
,[1615684186,46,59,19,9],[1615684186,"on"]
,[1615684786,66,153,108,11],[1615684786,"off"]
,[1615688386,44,59,19,11],[1615688386,"on"]
,[1615688986,64,153,109,13],[1615688986,"off"]
,[1615690186,54,101,36,13]
,[1615692586,43,59,20,11],[1615692586,"on"]
,[1615693186,63,151,106,14],[1615693186,"off"]
,[1615696785,43,59,21,12],[1615696785,"on"]
,[1615697385,61,148,102,13],[1615697385,"off"]
,[1615699185,47,86,31,13],[1615700985,41,59,21,13],[1615700985,"on"]
,[1615701585,61,150,108,13],[1615701585,"off"]
,[1615705185,42,60,22,12],[1615705185,"on"]
,[1615705785,60,151,107,14],[1615705785,"off"]
,[1615708185,46,78,29,14],[1615709986,41,53,21,12],[1615709986,"on"]
,[1615710586,59,148,106,14],[1615710586,"off"]
,[1615714186,40,59,23,13],[1615714186,"on"]
,[1615714786,59,149,106,16],[1615714786,"off"]
]
