[[1608062411,59,47,29,29],[1608071411,62,49,31,29],[1608079212,51,33,27,28],[1608079212,"on"]
,[1608079812,71,143,126,30],[1608079812,"off"]
,[1608080412,66,109,74,31]
,[1608088212,43,33,28,29],[1608088212,"on"]
,[1608088812,63,143,128,31],[1608088812,"off"]
,[1608089412,59,109,76,31],[1608097812,38,30,27,29],[1608097812,"on"]
,[1608098412,59,143,126,31],[1608098412,"off"]
,[1608098412,"off"],[1608106812,36,33,28,29],[1608106812,"on"]
,[1608107412,56,140,123,31],[1608107412,"off"]
,[1608107412,"off"]
,[1608115212,36,35,27,29],[1608115212,"on"]
,[1608115812,56,145,126,32],[1608115812,"off"]
,[1608130401,"st"]
,[1608139799,66,49,34,33],[1608148799,46,28,28,29]
,[1608157800,66,56,35,32],[1608166800,58,40,33,33],[1608175800,43,28,30,31]
,[1608181801,36,26,29,30],[1608181801,"on"]
,[1608182401,58,144,132,33],[1608182401,"off"]
,[1608184801,46,83,50,33],[1608193800,36,34,33,33],[1608202801,54,50,38,33]
,[1608211801,70,68,42,35],[1608220801,59,44,38,37],[1608229801,74,61,45,40]
,[1608238802,68,62,45,41],[1608247801,72,69,48,41]
,[1608256802,58,46,42,41],[1608265802,48,41,41,41],[1608274802,43,40,39,39]
,[1608283802,39,38,38,38],[1608292802,73,79,48,40],[1608301803,66,53,44,42]
,[1608310803,78,70,48,43],[1608319803,61,47,43,41],[1608328804,75,74,48,42]
,[1608337803,66,53,43,42],[1608346803,52,41,41,40]
,[1608355803,44,38,38,37],[1608364803,39,36,38,37],[1608373804,34,35,36,35]
,[1608382804,78,78,46,38],[1608391804,71,73,46,38],[1608400805,69,53,43,39]
,[1608409805,73,76,44,39],[1608418805,71,81,44,39],[1608427805,56,43,39,38]
,[1608436805,44,33,34,36],[1608445805,36,30,33,33],[1608454806,30,28,32,31]
,[1608458406,29,28,29,30],[1608458406,"on"]
,[1608459006,53,144,131,34],[1608459006,"off"]
,[1608463806,70,83,44,34],[1608472806,64,66,42,35]
,[1608481806,76,79,45,37],[1608490806,66,49,41,38],[1608499806,73,76,45,38]
,[1608508806,70,64,44,38],[1608517806,56,43,40,38],[1608526807,46,39,39,37]
,[1608535807,41,38,38,38],[1608544807,38,38,38,36],[1608553807,82,78,49,41]
,[1608562808,65,51,46,41],[1608571809,76,63,49,43]
,[1608580808,66,68,50,43],[1608589808,73,69,49,44],[1608598809,68,57,48,43]
,[1608607809,56,48,45,43],[1608616808,51,45,43,42],[1608625809,46,44,42,41]
,[1608634809,76,74,49,41],[1608643809,66,55,46,42],[1608652809,79,89,54,44]
,[1608661809,66,51,44,41],[1608670809,52,40,39,39],[1608679809,44,36,38,38]
,[1608688809,38,34,36,36],[1608697809,34,34,34,34]
,[1608706809,33,33,34,33],[1608715809,31,32,32,33],[1608724809,31,31,30,31],[1608729609,29,30,29,31],[1608729609,"on"]
,[1608730209,53,144,129,33],[1608730209,"off"]
,[1608733809,41,73,46,33],[1608742809,34,34,34,33],[1608751809,44,36,34,33]
,[1608760809,34,28,28,30],[1608760809,"on"]
,[1608760809,"on"],[1608761409,58,144,129,33],[1608761409,"off"]
]
