[[1612143602,44,46,32,28],[1612146602,40,35,29,27],[1612146602,"on"]
,[1612147202,62,149,128,29],[1612147202,"off"]
,[1612152602,44,56,35,28],[1612156802,38,37,29,27],[1612156802,"on"]
,[1612157402,59,148,126,29],[1612157402,"off"]
,[1612161602,446,28],[1607258400,"on"]
,[1607258400,"on"],[1607259000,76,144,124,31],[1607259000,"off"]
,[1607267400,54,32,26,29],[1607267400,"on"]
,[1607267400,"on"],[1607268000,73,141,121,31],[1607268000,"off"]
,[1607276400,71,69,32,31],[1607281800,54,33,26,29],[1607281800,"on"]
,[1607282400,73,143,124,31],[1607282400,"off"]
,[1607285400,63,56,33,30],[1607294400,58,39,25,28],[1607299200,54,40,25,27],[1607299200,"on"]
,[1607299800,73,145,123,29],[1607299800,"off"]
,[1607303400,53,61,36,28],[1607305801,45,39,27,26],[1607305801,"on"]
,[1607307001,78,180,139,31],[1607307001,"off"]
,[1607312401,48,53,31,28],[1607314201,44,37,26,27],[1607314201,"on"]
,[1607315401,74,177,135,31],[1607315401,"off"]
,[1607321401,44,43,27,27],[1607321401,"on"]
,[1607321401,"on"],[1607322601,75,179,137,32],[1607322601,"off"]
,[1607328600,44,43,27,28],[1607328600,"on"]
,[1607329801,74,176,132,31],[1607329801,"off"]
,[1607330401,69,136,77,31]
,[1607335801,58,47,24,27],[1607335801,"on"]
,[1607337001,85,179,132,31],[1607337001,"off"]
,[1607339401,64,93,44,29],[1607347201,59,47,24,26],[1607347201,"on"]
,[1607347801,79,149,123,28],[1607347801,"off"]
,[1607348401,74,113,68,29],[1607353801,49,39,25,26],[1607353801,"on"]
,[1607355001,86,169,130,30],[1607355001,"off"]
,[1607355903,"st"],[1607361949,61,42,23,28],[1607361949,"on"]
,[1607362548,79,146,121,30],[1607362548,"off"]
,[1607366999,61,68,31,28],[1607368799,56,48,25,26],[1607368799,"on"]
,[1607369399,76,149,121,28],[1]
