[[1608769809,37,39,33,31],[1608773409,33,29,30,29],[1608773409,"on"]
,[1608774009,55,143,126,33],[1608774009,"off"]
,[1608778809,39,54,36,30]
,[1608783009,33,33,30,29],[1608783009,"on"]
,[1608783609,55,145,127,31],[1608783609,"off"]
,[1608787809,40,59,37,29],[1608792009,33,33,29,28],[1608792009,"on"]
,[1608792609,55,144,126,31],[1608792609,"off"]
,[1608796809,39,58,36,29],[1608799809,34,37,30,28],[1608799809,"on"]
,[1608801009,69,182,144,33],[1608801009,"off"]
,[1608805809,47,65,37,30],[1608810609,37,33,30,28],[1608810609,"on"]
,[1608811209,61,144,126,31],[1608811209,"off"]
,[1608814809,44,64,39,29],[1608823809,69,66,34,29]
,[1608832813,59,40,31,30],[1608838213,48,28,28,28],[1608838213,"on"]
,[1608838813,69,142,128,31],[1608838813,"off"]
,[1608841813,68,69,36,30],[1608850814,66,49,34,31]
,[1608859814,54,36,31,30],[1608867014,43,27,28,29],[1608867014,"on"]
,[1608867614,63,143,130,32],[1608867614,"off"]
,[1608868814,55,99,60,32],[1608877814,39,34,31,31]
,[1608882614,34,28,29,30],[1608882614,"on"]
,[1608883214,58,143,129,33],[1608883214,"off"]
,[1608886814,44,69,43,31],[1608895814,51,43,34,31],[1608904815,70,53,37,33]
,[1608913815,69,83,41,33],[1608922815,60,39,33,31]
,[1608931815,54,39,31,30],[1608940815,68,56,34,31],[1608949816,48,30,29,29],[1608952816,43,26,28,29],[1608952816,"on"]
,[1608953416,65,144,133,31],[1608953416,"off"]
,[1608958816,47,53,37,31],[1608966016,36,28,29,29],[1608966016,"on"]
,[1608966616,59,144,134,33],[1608966616,"off"]
,[1608967816,51,100,60,32],[1608976817,49,46,34,31]
,[1608985816,68,61,38,33],[1608994817,50,34,34,32],[1609003816,76,66,41,36]
,[1609012817,58,39,36,34],[1609021817,66,56,39,35]
,[1609030817,62,48,38,36],[1609039817,48,36,35,34],[1609048818,39,31,33,32]
,[1609057818,33,29,30,31],[1609059018,33,28,29,30],[1609059018,"on"]
,[1609059618,57,145,133,33],[1609059618,"off"]
,[1609066817,53,50,37,33],[1609075818,54,41,34,32]
,[1609084818,73,84,42,33],[1609093818,63,43,35,32],[1609102818,44,28,29,29],[1609103418,43,28,28,29],[1609103418,"on"]
,[1609104018,66,143,129,32],[1609104018,"off"]
,[1609111818,43,39,31,29],[1609114218,38,31,29,29],[1609114218,"on"]
,[1609114818,61,144,128,31],[1609114818,"off"]
,[1609120818,41,46,32,29],[1609123818,35,33,29,28],[1609123818,"on"]
,[1609124418,58,145,130,31],[1609124418,"off"]
,[1609129818,39,49,34,28]
,[1609132818,34,33,29,28],[1609132818,"on"]
,[1609133418,57,145,128,30],[1609133418,"off"]
,[1609138818,39,48,32,28],[1609140618,35,38,29,28],[1609140618,"on"]
,[1609141218,56,144,125,29],[1609141218,"off"]
,[1609147818,35,38,29,27],[1609147818,"on"]
,[1609147818,"on"],[1609148418,57,145,126,29],[1609148418,"off"]
,[1609154418,36,43,28,26],[1609154418,"on"]
,[1609155018,58,148,126,28],[1609155018,"off"]
,[1609156818,46,89,48,27],[1609160418,38,47,29,26],[1609160418,"on"]
,[1609161018,59,148,124,28],[1609161018,"off"]
,[1609165818,39,52,33,26],[1609167018,38,43,29,27],[1609167018,"on"]
,[1609167618,60,148,127,29],[1609167618,"off"]
,[1609173618,38,43,27,26],[1609173618,"on"]
,[1609174218,59,146,124,28],[1609174218,"off"]
,[1609174818,54,111,72,28],[1609179618,38,45,29,26],[1609179618,"on"]
,[1609180818,91,179,136,30],[1609180818,"off"]
,[1609183818,71,88,43,28],[1609188018,55,42,28,25],[1609188018,"on"]
,[1609188618,75,148,126,28],[1609188618,"off"]
,[1609192818,53,56,33,25],[1609194018,49,45,28,24],[1609194018,"on"]
,[1609194618,68,148,124,27],[1609194618,"off"]
,[1609199418,45,48,29,24],[1609199418,"on"]
,[1609200618,78,184,138,27],[1609200618,"off"]
,[1609201818,64,125,60,26]
,[1609206018,46,51,27,23],[1609206018,"on"]
,[1609207218,78,183,137,26],[1609207218,"off"]
,[1609210818,54,73,35,24],[1609212618,47,49,26,22],[1609212618,"on"]
,[1609213818,78,184,136,26],[1609213818,"off"]
,[1609219218,46,49,27,21],[1609219218,"on"]
,[1609219818,64,146,116,23],[1609220418,77,182,132,26],[1609220418,"off"]
,[1609225218,48,55,29,23],[1609225218,"on"]
,[1609226418,79,184,133,26],[1609226418,"off"]
,[1609228818,59,94,44,24]
,[1609231818,48,49,26,23],[1609231818,"on"]
,[1609233018,79,182,134,26],[1609233018,"off"]
,[1609237818,49,56,28,22],[1609237818,"on"]
,[1609237818,"on"],[1609239018,80,184,133,26],[1609239018,"off"]
,[1609351020,"st"]
,[1609357800,52,36,26,28],[1609357800,"on"]
,[1609358400,72,146,128,29],[1609358400,"off"]
,[1609360200,63,71,38,29],[1609369200,62,47,29,28]
,[1609377001,54,36,27,27],[1609377001,"on"]
,[1609377601,74,145,128,29],[1609377601,"off"]
,[1609378201,68,111,73,29],[1609385401,46,38,28,27],[1609385401,"on"]
,[1609386001,66,146,127,29],[1609386001,"off"]
,[1609387201,57,99,54,30],[1609393801,41,36,26,28],[1609393801,"on"]
,[1609394400,63,146,125,30],[1609394400,"off"]
,[1609396200,51,90,49,29],[1609401000,41,42,27,28],[1609401000,"on"]
,[1609401601,63,145,125,29],[1609401601,"off"]
,[1609405201,46,66,39,29],[1609408801,39,40,27,28],[1609408801,"on"]
,[1609409401,59,143,122,30],[1609409401,"off"]
,[1609414201,71,69,34,30],[1609423201,60,66,33,30]
,[1609432201,74,82,41,33],[1609441202,56,37,33,31],[1609450202,70,83,41,34]
]
