[[1609459202,68,52,36,33],[1609468202,55,44,34,32]
,[1609477203,41,31,31,31],[1609484403,37,29,29,30],[1609484403,"on"]
,[1609485003,60,146,133,32],[1609485003,"off"]
,[1609486203,52,103,61,33],[1609495202,39,38,33,32]
,[1609504203,75,75,43,34],[1609513203,64,46,38,35],[1609522203,78,88,49,39]
,[1609531204,72,52,42,39],[1609540203,71,66,44,38],[1609549204,66,54,42,38]
,[1609558204,53,41,39,36],[1609567204,44,38,35,36]
,[1609576205,39,36,34,35],[1609585204,53,51,39,35],[1609594204,65,53,41,36]
,[1609603205,76,81,48,39],[1609612205,71,56,44,39],[1609621205,61,56,43,38]
,[1609630205,74,68,47,40],[1609639205,59,48,42,39],[1609648206,50,43,39,38]
,[1609657206,44,40,38,38],[1609666206,41,40,37,36],[1609675207,73,71,46,38]
,[1609684207,69,56,44,39],[1609693207,84,78,49,43]
,[1609702207,65,51,44,40],[1609711207,77,71,48,41],[1609720208,71,62,48,41]
,[1609729207,58,48,43,41],[1609738207,49,45,41,39],[1609747208,44,43,40,38]
,[1609756208,54,70,42,38],[1609765208,67,55,45,40],[1609774208,66,66,46,39]
,[1609783208,75,63,46,41],[1609792209,59,46,43,40]
,[1609801209,83,83,49,42],[1609810209,66,53,44,41],[1609819209,53,43,41,39]
,[1609828209,44,39,37,37],[1609837210,41,38,36,36],[1609846210,53,49,40,36]
,[1609855210,61,50,41,38],[1609864211,84,91,53,42],[1609873210,66,51,43,39]
,[1609882210,67,63,43,38],[1609891211,71,64,43,39],[1609900211,55,42,38,37]
,[1609909211,43,35,35,34],[1609918211,36,33,32,33]
,[1609927211,33,30,31,31],[1609932611,31,30,30,29],[1609932611,"on"]
,[1609933211,53,143,129,33],[1609933211,"off"]
,[1609936211,73,79,43,34],[1609945212,64,66,40,34]
,[1609954212,71,55,38,35],[1609963212,66,73,39,34],[1609972212,67,59,37,34]
,[1609981212,61,56,36,33],[1609990213,46,33,31,31],[1609994413,39,29,29,29],[1609994413,"on"]
,[1609995013,61,142,125,31],[1609995013,"off"]
,[1609999213,46,63,40,31]
,[1610006412,36,32,29,29],[1610006412,"on"]
,[1610007012,59,144,127,32],[1610007012,"off"]
,[1610008213,50,99,57,31],[1610017213,60,61,34,29]
,[1610026213,61,48,31,29],[1610035213,69,80,38,29],[1610044214,63,44,32,29],[1610050214,49,31,28,28],[1610050214,"on"]
,[1610050814,70,145,130,31],[1610050814,"off"]
,[1610053214,56,83,48,31],[1610061014,41,33,28,28],[1610061014,"on"]
,[1610061614,62,145,128,31],[1610061614,"off"]
]
