[[1614118234,129,224,68,-7],[1614127234,132,230,71,-6],[1614136234,131,226,68,-6]
,[1614145234,128,221,63,-6],[1614154234,129,224,67,-6],[1614163234,129,227,69,-7]
,[1614172234,131,228,72,-4],[1614181234,133,227,71,-2]
,[1614190234,136,234,78,-1],[1614199234,119,234,80,-1],[1614208234,136,239,80,1]
,[1614217234,146,244,86,5],[1614226234,151,246,89,9],[1614235234,153,248,94,11]
,[1614244234,154,248,96,13],[1614249034,154,247,99,15],[1614249034,"off"]
,[1614252034,106,103,16,10],[1614252034,"on"]
,[1614253234,120,188,86,11],[1614256834,137,249,104,14],[1614256834,"off"]
,[1614259834,94,96,16,10],[1614259834,"on"]
,[1614262234,123,227,102,14],[1614263434,129,246,104,14],[1614263434,"off"]
,[1614266434,61,84,26,15],[1614266434,"on"]
,[1614270034,118,247,108,16],[1614270034,"off"]
,[1614271234,69,80,9,16],[1614271234,"on"]
,[1614271234,"on"],[1614273634,111,233,110,17],[1614273634,"off"]
,[1614276638,75,96,20,11],[1614276638,"on"]
,[1614279038,113,234,113,16],[1614279038,"off"]
,[1614280237,93,154,42,14],[1614282037,77,98,23,13],[1614282037,"on"]
,[1614285037,109,231,113,18],[1614285037,"off"]
,[1614288037,76,98,23,14],[1614288037,"on"]
,[1614289237,103,201,109,16]
,[1614291037,106,223,110,19],[1614291037,"off"]
,[1614294637,71,84,21,14],[1614294637,"on"]
,[1614296437,107,221,118,18],[1614296437,"off"]
,[1614298237,82,127,36,16],[1614300037,69,84,23,14],[1614300037,"on"]
,[1614301838,106,220,120,19],[1614301838,"off"]
,[1614305438,70,84,23,15],[1614305438,"on"]
,[1614306638,97,197,117,18],[1614306638,"off"]
,[1614307238,89,156,62,19],[1614310238,65,78,23,15],[1614310238,"on"]
,[1614311438,94,196,119,18],[1614311438,"off"]
,[1614315038,63,78,24,16],[1614315038,"on"]
,[1614316238,91,194,118,19],[1614316238,"off"]
,[1614316238,"off"],[1614319838,61,79,24,16],[1614319838,"on"]
,[1614321038,91,196,121,19],[1614321038,"off"]
,[1614324639,61,79,26,16],[1614324639,"on"]
,[1614325239,79,161,107,18],[1614325839,91,197,122,19],[1614325839,"off"]
,[1614329439,62,81,26,17],[1614329439,"on"]
,[1614330638,92,198,125,21],[1614330638,"off"]
,[1614333638,64,71,19,19],[1614333638,"on"]
,[1614334238,84,163,106,21],[1614334838,94,199,122,22],[1614334838,"off"]
,[1614339638,60,66,24,19],[1614339638,"on"]
,[1614340838,95,195,123,23],[1614340838,"off"]
,[1614343238,72,107,38,21],[1614345638,63,68,26,19],[1614345638,"on"]
,[1614346838,94,194,128,23],[1614346838,"off"]
,[1614352239,59,61,26,19],[1614352239,"on"]
,[1614352239,"on"],[1614353439,91,187,125,23],[1614353439,"off"]
,[1614359439,68,57,23,21],[1614359439,"on"]
,[1614360639,100,199,131,24],[1614360639,"off"]
,[1614361239,93,160,76,24]
,[1614367239,62,54,27,21],[1614367239,"on"]
,[1614368439,93,190,131,24],[1614368439,"off"]
,[1614370239,74,121,50,24],[1614375039,56,53,27,21],[1614375039,"on"]
,[1614376239,90,199,142,26],[1614376239,"off"]
,[1614379239,68,100,43,24],[1614382839,55,55,28,22],[1614382839,"on"]
,[1614383439,76,156,123,24],[1614383439,"off"]
,[1614388239,52,61,30,21],[1614388839,51,56,29,21],[1614388839,"on"]
,[1614390039,85,193,138,24],[1614390039,"off"]
,[1614397240,51,51,28,22],[1614397240,"on"]
,[1614397240,"on"],[1614397840,72,154,123,24],[1614397840,"off"]
,[1614403239,49,56,29,21],[1614403239,"on"]
,[1614404439,83,193,138,26],[1614404439,"off"]
,[1614406239,68,123,53,25],[1614411640,50,52,28,22],[1614411640,"on"]
,[1614412840,84,195,140,26],[1614412840,"off"]
,[1614415240,65,111,48,25],[1614420040,51,52,28,22],[1614420040,"on"]
,[1614421240,94,183,128,27],[1614421240,"off"]
,[1614424240,70,84,42,26],[1614432040,67,55,25,23],[1614432040,"on"]
,[1614433240,96,191,129,26],[1614433240,"off"]
,[1614433240,"off"]
,[1614440440,62,56,26,23],[1614440440,"on"]
,[1614441640,103,200,131,28],[1614441640,"off"]
,[1614442240,96,161,78,28],[1614448241,64,45,25,24],[1614448241,"on"]
,[1614448841,84,153,121,25],[1614448841,"off"]
,[1614451240,68,88,42,24],[1614455440,54,48,28,22],[1614455440,"on"]
,[1614456640,83,171,138,26],[1614456640,"off"]
,[1614460240,64,56,28,23],[1614460840,62,52,26,23],[1614460840,"on"]
,[1614461440,83,156,123,24],[1614461440,"off"]
,[1614466841,62,53,26,23],[1614466841,"on"]
,[1614467441,84,157,124,24],[1614467441,"off"]
,[1614469241,69,100,47,24],[1614474041,54,49,28,23],[1614474041,"on"]
,[1614474641,75,155,124,24],[1614474641,"off"]
,[1614478241,56,73,36,23],[1614480641,51,52,29,22],[1614480641,"on"]
,[1614481841,84,194,142,26],[1614481841,"off"]
,[1614487242,55,66,33,24],[1614489042,51,51,28,23],[1614489042,"on"]
,[1614489642,72,154,124,25],[1614489642,"off"]
,[1614495641,48,51,29,22],[1614495641,"on"]
,[1614496241,69,153,123,25],[1614496241,"off"]
,[1614496241,"off"],[1614501642,48,55,29,22],[1614501642,"on"]
,[1614502842,80,191,139,26],[1614502842,"off"]
,[1614505242,63,74,35,25],[1614510042,59,53,26,22],[1614510042,"on"]
,[1614511242,91,193,136,26],[1614511242,"off"]
,[1614514242,71,75,33,26]
,[1614517841,62,48,27,23],[1614517841,"on"]
,[1614518441,82,154,124,26],[1614518441,"off"]
,[1614523243,58,63,34,24],[1614526242,55,50,26,23],[1614526242,"on"]
,[1614527442,98,190,135,28],[1614527442,"off"]
,[1614532242,71,58,31,26],[1614535842,61,43,28,23],[1614535842,"on"]
,[1614537043,93,191,141,28],[1614537043,"off"]
,[1614541242,66,68,32,26],[1614546642,55,48,26,23],[1614546642,"on"]
,[1614547242,78,154,126,26],[1614547242,"off"]
]
