[[1612143602,44,46,32,28],[1612146602,40,35,29,27],[1612146602,"on"]
,[1612147202,62,149,128,29],[1612147202,"off"]
,[1612152602,44,56,35,28],[1612156802,38,37,29,27],[1612156802,"on"]
,[1612157402,59,148,126,29],[1612157402,"off"]
,[1612161602,44,65,38,28],[1612166402,38,38,29,27],[1612166402,"on"]
,[1612167002,59,146,125,29],[1612167002,"off"]
,[1612170602,44,70,39,28],[1612176002,36,38,29,26],[1612176002,"on"]
,[1612176602,59,147,124,29],[1612176602,"off"]
,[1612179602,46,78,43,28],[1612185002,38,39,29,27],[1612185002,"on"]
,[1612185602,61,150,129,29],[1612185602,"off"]
,[1612188602,48,80,44,29],[1612195202,38,38,30,27],[1612195202,"on"]
,[1612195802,59,146,125,29],[1612195802,"off"]
,[1612197602,49,93,51,29]
,[1612205402,37,38,30,27],[1612205402,"on"]
,[1612206002,58,145,123,29],[1612206002,"off"]
,[1612206602,55,114,74,29],[1612215002,38,38,29,26],[1612215002,"on"]
,[1612215602,58,146,124,29],[1612215602,"off"]
,[1612215602,"off"],[1612223402,38,41,28,26],[1612223402,"on"]
,[1612224002,60,149,126,28],[1612224002,"off"]
,[1612224602,55,116,73,28]
,[1612230602,37,44,28,24],[1612230602,"on"]
,[1612231202,60,151,125,26],[1612231202,"off"]
,[1612233602,47,84,41,25],[1612236602,40,50,28,24],[1612236602,"on"]
,[1612237802,74,188,137,28],[1612237802,"off"]
,[1612242602,48,66,32,24],[1612243802,45,53,28,23],[1612243802,"on"]
,[1612245002,77,188,134,28],[1612245002,"off"]
,[1612250402,47,56,27,22],[1612250402,"on"]
,[1612251602,79,186,132,26],[1612251602,"off"]
,[1612251602,"off"],[1612256402,50,61,28,22],[1612256402,"on"]
,[1612257602,82,188,130,26],[1612257602,"off"]
,[1612260602,58,87,35,23],[1612262402,52,60,26,21],[1612262402,"on"]
,[1612263602,81,186,128,24],[1612263602,"off"]
,[1612268402,53,61,26,23],[1612268402,"on"]
,[1612269602,91,178,123,26],[1612269602,"off"]
,[1612269602,"off"],[1612275002,60,55,26,23],[1612275002,"on"]
,[1612276202,90,186,129,26],[1612276202,"off"]
,[1612278605,70,82,31,26],[1612282805,67,59,23,24],[1612282805,"on"]
,[1612284005,98,180,120,28],[1612284005,"off"]
,[1612287605,73,81,34,25],[1612290605,63,48,26,23],[1612290605,"on"]
,[1612291805,93,187,131,26],[1612291805,"off"]
,[1612295405,63,56,23,23],[1612295405,"on"]
,[1612296605,93,187,126,27],[1612296605,"off"]
,[1612296605,"off"],[1612300205,67,59,23,24],[1612300205,"on"]
,[1612301405,96,191,127,27],[1612301405,"off"]
,[1612305005,64,56,22,23],[1612305005,"on"]
,[1612305605,85,156,113,24],[1612306205,96,193,128,26],[1612306205,"off"]
,[1612309205,66,59,22,22],[1612309205,"on"]
,[1612310405,94,191,128,24],[1612310405,"off"]
,[1612314606,63,69,29,21],[1612315206,61,60,26,20],[1612315206,"on"]
,[1612315208,"st"],[1612315254,61,64,24,20],[1612315254,"on"]
,[1612316453,91,188,124,24],[1612316453,"off"]
,[1612320599,59,66,27,20],[1612320599,"on"]
,[1612321799,88,187,123,23],[1612321799,"off"]
,[1612325999,58,64,25,19],[1612325999,"on"]
,[1612326600,75,153,109,21],[1612327200,86,190,125,23],[1612327200,"off"]
,[1612331400,55,64,24,19],[1612331400,"on"]
,[1612332600,84,185,119,22],[1612332600,"off"]
,[1612335600,59,81,29,19],[1612336200,57,71,24,19],[1612336200,"on"]
,[1612337400,84,185,117,22],[1612337400,"off"]
,[1612341000,56,71,26,19],[1612341000,"on"]
,[1612342200,86,187,118,22],[1612342200,"off"]
,[1612344600,63,94,33,19],[1612345800,59,66,18,19],[1612345800,"on"]
,[1612347000,89,190,118,22],[1612347000,"off"]
,[1612350600,62,73,21,19],[1612350600,"on"]
,[1612351800,89,192,114,22],[1612351800,"off"]
,[1612353600,69,78,22,20],[1612353600,"on"]
,[1612353600,"on"],[1612354800,96,198,121,23],[1612354800,"off"]
,[1612359001,63,67,25,19],[1612359001,"on"]
,[1612360201,92,189,123,22],[1612360201,"off"]
,[1612362600,69,96,35,20],[1612364400,60,69,20,19],[1612364400,"on"]
,[1612365600,92,198,119,23],[1612365600,"off"]
,[1612368600,68,69,19,21],[1612368600,"on"]
,[1612370400,99,188,116,25],[1612370400,"off"]
,[1612371600,84,128,45,24],[1612375200,66,69,21,21],[1612375200,"on"]
,[1612377601,104,203,122,26],[1612377601,"off"]
,[1612380601,78,94,35,23],[1612383601,66,72,21,21],[1612383601,"on"]
,[1612384801,96,196,122,24],[1612384801,"off"]
,[1612389601,68,74,22,21],[1612389601,"on"]
,[1612389611,"st"]
,[1612390256,66,69,23,21],[1612390256,"on"]
,[1612391456,98,196,125,24],[1612391456,"off"]
,[1612396799,62,58,24,21],[1612396799,"on"]
,[1612397999,91,188,127,24],[1612397999,"off"]
,[1612399199,78,129,51,24],[1612403399,57,55,24,21],[1612403399,"on"]
,[1612404599,88,188,128,24],[1612404599,"off"]
,[1612408200,61,79,33,23],[1612410000,55,56,26,22],[1612410000,"on"]
,[1612411200,86,189,131,26],[1612411200,"off"]
,[1612417200,53,51,26,23],[1612417200,"on"]
,[1612417200,"on"],[1612418400,85,189,134,27],[1612418400,"off"]
,[1612425000,50,48,26,24],[1612425000,"on"]
,[1612426200,82,184,129,28],[1612426200,"off"]
,[1612426200,"off"],[1612435200,61,69,27,24],[1612438801,63,53,24,23],[1612438801,"on"]
,[1612440001,93,189,131,28],[1612440001,"off"]
,[1612444201,66,56,26,26],[1612446001,61,45,26,24],[1612446001,"on"]
,[1612447201,92,188,136,29],[1612447201,"off"]
,[1612453201,64,67,30,27],[1612462200,70,61,30,27]
,[1612466401,59,40,26,26],[1612466401,"on"]
,[1612467601,90,186,136,29],[1612467601,"off"]
,[1612471201,68,66,32,28],[1612474801,58,43,26,26],[1612474801,"on"]
,[1612475401,81,152,117,29],[1612475401,"off"]
,[1612480201,66,73,32,27],[1612483201,58,48,26,25],[1612483201,"on"]
,[1612484401,90,191,137,29],[1612484401,"off"]
,[1612489201,62,69,35,26]
,[1612492202,52,44,27,24],[1612492202,"on"]
,[1612492802,73,151,123,26],[1612492802,"off"]
,[1612498202,49,49,28,24],[1612498802,47,46,27,23],[1612498802,"on"]
,[1612500002,81,188,138,28],[1612500002,"off"]
,[1612506002,49,53,28,24],[1612506002,"on"]
,[1612507202,83,190,135,27],[1612507202,"off"]
,[1612507202,"off"],[1612513202,50,52,26,23],[1612513202,"on"]
,[1612514402,82,188,133,26],[1612514402,"off"]
,[1612516202,64,114,47,26],[1612519202,61,56,23,23],[1612519202,"on"]
,[1612520402,91,189,129,26],[1612520402,"off"]
,[1612523402,64,59,24,23],[1612523402,"on"]
,[1612524602,94,189,125,26],[1612524602,"off"]
,[1612525202,86,148,72,26],[1612528802,64,66,22,23],[1612528802,"on"]
,[1612530002,93,191,123,26],[1612530002,"off"]
,[1612534203,63,71,29,22],[1612535403,58,56,24,21],[1612535403,"on"]
,[1612536603,87,184,125,24],[1612536603,"off"]
,[1612539603,63,63,21,23],[1612539603,"on"]
,[1612540803,93,193,123,25],[1612540803,"off"]
,[1612543203,72,76,26,24],[1612543803,69,68,22,23],[1612543803,"on"]
,[1612545002,99,185,120,27],[1612545002,"off"]
,[1612550403,65,54,24,21],[1612550403,"on"]
,[1612551603,92,181,118,24],[1612551603,"off"]
,[1612552203,84,142,67,23],[1612556403,56,70,26,21],[1612556403,"on"]
,[1612557603,94,199,125,23],[1612557603,"off"]
,[1612561203,64,79,29,20],[1612562403,65,71,21,20],[1612562403,"on"]
,[1612563603,93,191,116,23],[1612563603,"off"]
,[1612567803,62,66,26,19],[1612567803,"on"]
,[1612569003,89,189,123,22],[1612569003,"off"]
,[1612570203,74,126,48,21],[1612573203,59,64,24,18],[1612573203,"on"]
,[1612574403,87,189,123,21],[1612574403,"off"]
,[1612578003,59,71,25,18],[1612578003,"on"]
,[1612579203,87,189,119,22],[1612579203,"off"]
,[1612579203,"off"],[1612582803,58,71,25,17],[1612582803,"on"]
,[1612584003,88,189,120,20],[1612584003,"off"]
,[1612587603,57,70,23,17],[1612587603,"on"]
,[1612588203,74,154,104,18],[1612588803,86,188,119,19],[1612588803,"off"]
,[1612591803,60,80,25,17],[1612591803,"on"]
,[1612593603,94,211,120,21],[1612593603,"off"]
,[1612597203,61,76,23,16],[1612597203,"on"]
,[1612597203,"on"],[1612599003,97,209,116,20],[1612599003,"off"]
,[1612602603,63,74,23,16],[1612602603,"on"]
,[1612605603,101,205,110,21],[1612605603,"off"]
,[1612606203,91,159,60,20],[1612608604,70,86,24,16],[1612608604,"on"]
,[1612610404,103,213,116,19],[1612610404,"off"]
,[1612611604,69,77,15,18],[1612611604,"on"]
,[1612614603,107,211,111,22],[1612614603,"off"]
,[1612615203,97,162,59,20],[1612617603,76,88,24,16],[1612617603,"on"]
,[1612619404,108,213,117,19],[1612619404,"off"]
,[1612622404,74,86,24,15],[1612622404,"on"]
,[1612624204,104,210,114,18],[1612624204,"off"]
,[1612624204,"off"],[1612627204,63,79,18,16],[1612627204,"on"]
,[1612633204,115,225,108,20],[1612633204,"off"]
,[1612633204,"off"],[1612636804,77,78,19,14],[1612636804,"on"]
,[1612641004,112,231,110,18],[1612641004,"off"]
,[1612642204,94,147,43,16],[1612644004,65,76,10,14],[1612644004,"on"]
,[1612647005,111,231,109,17],[1612647005,"off"]
,[1612648805,68,78,10,14],[1612648805,"on"]
,[1612651205,106,222,108,15],[1612651805,111,228,109,16],[1612651805,"off"]
,[1612654205,79,104,23,12],[1612654205,"on"]
,[1612657805,120,237,109,16],[1612657805,"off"]
,[1612660205,87,105,23,12],[1612660805,81,88,18,11],[1612660805,"on"]
,[1612665005,123,239,108,15],[1612665005,"off"]
,[1612667405,88,104,21,11],[1612667405,"on"]
,[1612669205,110,208,98,13],[1612672205,128,238,104,16],[1612672205,"off"]
,[1612674605,91,104,20,11],[1612674605,"on"]
,[1612678205,126,232,100,14],[1612679405,131,240,105,15],[1612679405,"off"]
,[1612681805,94,104,21,11],[1612681805,"on"]
,[1612687205,133,239,103,15],[1612687205,"off"]
,[1612687205,"off"],[1612689605,67,79,5,13],[1612689605,"on"]
,[1612696205,119,234,101,13],[1612699206,131,239,103,16],[1612699206,"off"]
,[1612700406,74,89,23,16],[1612700406,"on"]
,[1612705206,114,229,99,15],[1612706406,123,243,106,16],[1612706406,"off"]
,[1612709406,83,90,17,11],[1612709406,"on"]
,[1612714206,103,207,103,16]
,[1612720206,121,241,109,16],[1612720206,"off"]
,[1612723206,82,93,19,11],[1612723206,"on"]
,[1612723206,"on"],[1612727406,123,236,106,16],[1612727406,"off"]
,[1612730406,84,91,19,12],[1612730406,"on"]
,[1612732207,79,135,102,18],[1612735207,115,238,108,17],[1612735207,"off"]
,[1612738207,78,91,18,12],[1612738207,"on"]
,[1612741207,116,231,106,15],[1612741807,120,241,109,16],[1612741807,"off"]
]
